-110.027 -107.697 -85.392 -109.697 -106.959 -106.584 -83.097 -89.769 -62.411 -39.829 -37.88 -45.296 -1000 
-113.0
-72.633 -69.32 -94.594 -92.013 -78.395 -66.757 -43.847 -20.937 -27.047 -1000 
-110.0
-92.594 -69.46 -76.395 -43.144 -41.847 -16.946 5.894 0.849 -4.293 9.879 23.563 39.099 44.977 26.754 36.151 5.877 -1000 
-117.0
-92.594 -69.46 -65.37 -64.522 -39.553 -45.161 -71.21 -1000 
-108.0
-72.633 -50.165 -45.729 -41.768 -39.632 -45.877 -22.355 -36.634 -17.743 44.836 -68.518 -49.874 48.554 -39.576 -28.63 26.41 26.295 -50.482 -32.362 -95.962 -36.635 -31.275 -34.325 -60.535 -66.907 -91.331 -92.331 -118.033 -119.033 -1000 
-130.0
-92.594 -70.42 -77.124 -44.346 -1000 
-105.0
-93.931 -91.246 -90.742 -67.782 -43.382 -20.479 4.34 -1000 
-108.0
-100.892 -97.905 -102.892 -117.068 -118.068 -98.422 -95.257 -71.668 -49.13 -28.87 -23.704 -30.87 -25.309 -4.831 13.376 25.083 25.557 42.398 8.414 4.105 0.862 22.712 23.89 10.303 -9.3 11.427 -14.84 -19.6 -23.701 -15.192 -18.958 -3.364 -1000 
-133.0
-1000 
-101.0
-75.26 -71.723 -78.523 -67.782 -44.379 -20.479 4.34 32.094 -4.738 -2.016 -24.381 -10.39 -13.05 -22.506 -1.603 15.212 36.481 40.217 16.949 0.871 14.131 -1.129 10000 
977.0
-1000 
-101.0
-73.856 -51.315 -46.811 -24.062 -19.108 -19.692 -21.108 -18.699 -1000 
-109.0
-93.931 -1000 
-102.0
-93.931 -71.723 -1000 
-103.0
-93.931 -91.434 -90.607 -66.127 -64.937 -1000 
-106.0
-1000 
-101.0
-73.856 -52.679 -30.973 -25.637 -51.811 -48.091 -25.601 -23.084 0.886 -7.152 -15.091 -8.689 1.051 2.059 -4.529 -2.129 0.968 -11.746 -35.578 -51.204 -73.322 -1000 
-122.0
-73.856 -70.762 -1000 
-103.0
-93.931 -91.246 10000 
997.0
-100.892 -101.892 -98.62 -75.951 -72.959 -80.998 -71.752 10000 
992.0
-93.931 -70.762 -75.856 -72.762 -48.976 -45.144 -22.683 -48.033 -26.142 -33.011 -28.027 -5.376 22.804 23.5 24.147 26.433 12.224 36.875 42.965 37.796 11.183 10000 
978.0
-120.65 -106.402 -93.424 -83.0 -68.22 -55.916 -47.467 -21.638 -17.363 37.27 31.593 -2.331 33.951 27.672 31.815 51.097 23.907 14.798 21.907 41.602 34.87 41.992 19.835 -1.011 -11.002 -1000 
-126.0
-129.581 -112.919 -95.494 -82.493 -112.383 -83.842 -63.815 -48.973 -27.329 -9.275 6.141 13.977 39.229 24.69 31.939 57.424 40.147 24.527 -1000 
-119.0
-146.267 -134.904 -126.027 -112.436 -108.525 -97.646 -91.33 28.843 -1000 
-109.0
-71.03 -69.98 -45.188 -22.478 10000 
995.0
-160.93 -150.382 -140.358 -124.328 -142.358 -130.447 -119.796 -95.299 -67.2 -60.381 -32.1 -29.063 -24.5 -31.012 -25.5 -2.0 -9.548 11.78 -10.696 -1.125 -1.508 8.784 -39.657 -32.566 -55.998 -82.119 -68.499 -37.063 -43.628 -39.063 -44.501 -59.36 -76.395 -88.715 -113.256 -137.264 -158.946 -189.21 -1000 
-139.0
-162.161 -147.932 -134.734 -111.65 -88.457 -1000 
-106.0
-160.93 -151.985 -140.654 -123.123 -97.068 -112.054 -88.109 10000 
992.0
-161.606 -151.985 -132.678 -126.026 -116.8 -87.936 -81.458 -62.59 36.967 -64.59 -51.301 -22.312 6.593 32.366 -1000 
-115.0
-152.785 -153.785 -140.882 -125.098 -143.61 -127.768 -113.501 -105.027 -93.201 -79.03 -62.795 -41.636 -25.285 -8.607 11.697 20.658 43.836 43.446 32.849 46.847 15.291 44.847 31.188 7.153 7.238 -1000 
-126.0
-132.533 -122.002 -115.36 -96.102 -88.322 -58.99 -34.678 -28.131 -36.678 -30.131 -29.683 14.479 -8.606 -1000 
-114.0
-159.137 -149.575 -137.689 -128.732 -114.278 -95.276 -116.278 -132.732 -126.209 -138.946 -127.243 -113.18 -93.012 -87.962 -94.703 -68.966 -44.109 -18.618 -7.938 19.183 1.311 12.278 34.191 10000 
976.0
-192.061 -181.201 -173.632 -145.681 -125.373 -108.179 -91.162 -116.505 -1000 
-109.0
-183.709 -175.207 -159.444 -146.749 -161.075 -145.71 -132.218 -121.019 17.979 25.279 -58.142 -44.872 15.692 -65.584 32.198 22.066 11.258 -7.893 29.437 31.623 24.941 4.107 32.813 53.764 3.297 44.138 21.819 5.489 -12.437 -10.299 -24.084 -12.299 -13.299 -14.299 -15.299 -16.299 -1000 
-137.0
-192.061 -174.139 -171.904 -143.684 -165.104 -149.833 -140.655 -118.872 -95.388 -87.113 -84.066 -103.126 -1000 
-113.0
-207.121 -199.331 -189.595 -172.421 -185.216 -169.886 -188.276 -179.925 -165.213 -148.586 -135.603 -113.835 -94.419 -74.584 -57.091 20.583 -24.464 -1000 
-118.0
-192.061 -180.301 -1000 
-103.0
-183.709 -167.577 -153.868 -140.813 -149.465 -139.786 -8.216 -118.518 38.442 23.575 -1000 
-111.0
-192.061 -174.139 -171.904 -143.684 -125.373 -106.724 -91.162 -75.987 39.243 23.04 -12.759 6.982 -14.056 -3.399 13.802 -3.537 22.5 20.618 -2.508 26.5 17.79 -1.34 36.988 1.482 16.997 29.974 4.562 -1.893 -9.821 19.963 20.982 0.735 -11.62 -34.994 -20.517 -36.994 -55.082 -57.04 -68.523 -69.523 -70.523 -71.523 -72.523 -73.523 -74.523 -75.523 -66.04 -46.692 -68.04 -69.04 -49.692 -35.437 -36.437 -37.437 -38.437 -39.437 -37.299 -38.299 -52.084 -40.299 -44.437 -41.414 -24.931 -37.502 -45.299 -51.339 -47.299 -48.299 -49.299 -63.084 -64.084 -79.707 -93.603 -84.824 -93.407 -96.0 -97.603 -89.788 -90.788 -71.92 -60.935 -34.901 -62.935 -77.246 -80.664 -106.603 -107.603 -108.603 -97.566 -109.107 -111.603 -1000 
-192.0
-192.061 -181.201 -172.865 -145.681 -175.632 -148.749 -133.303 -113.311 -133.9 -116.94 -104.929 -95.348 -90.85 -73.048 -55.416 -36.896 -57.355 -46.657 -23.061 -4.207 6.307 30.134 22.172 34.494 21.188 0.575 7.9 -9.388 -11.37 -43.039 -27.14 -46.076 -47.311 -34.506 -1000 
-135.0
-182.664 -167.577 -158.402 -142.802 -129.693 -143.9 -1000 
-107.0
-207.121 -190.176 -175.457 -176.457 -161.999 -1000 
-106.0
-1000 
-101.0
-198.663 -181.161 -165.908 -1000 
-104.0
-182.664 -174.139 -158.402 -145.681 -1000 
-105.0
-211.528 -196.125 -178.825 -170.429 -158.32 -139.434 -122.771 -111.003 -89.225 -105.979 -93.13 -82.636 -78.38 -60.926 -1000 
-115.0
-207.121 -190.176 -182.161 -171.318 -154.26 -1000 
-106.0
-192.061 -1000 
-102.0
-107.465 -106.495 -107.055 -111.489 -1000 
-105.0
-105.495 -108.465 -107.495 -86.562 -61.668 -37.322 -38.091 -42.285 -20.417 -36.607 -19.391 -32.062 -30.397 -6.995 -1000 
-115.0
-95.259 -94.112 -69.892 -69.344 -44.34 -71.344 -48.334 -74.342 -77.373 -54.734 10000 
989.0
-91.037 -106.495 -107.115 -111.489 -113.15 -96.077 -78.902 -59.933 -41.629 -22.144 -6.401 4.121 6.251 28.023 57.238 10000 
984.0
-1000 
-101.0
-107.465 -106.495 -109.465 -87.248 -85.569 -89.001 -89.878 -66.004 -77.071 -55.032 -71.522 -64.161 -53.675 -28.41 -19.067 -17.014 -46.505 -23.513 -24.396 -5.0 14.567 28.88 24.316 6.997 -14.701 -25.931 -33.145 -3.772 -4.879 -55.387 -56.387 -7.879 -36.295 -37.295 -39.091 -65.714 -53.903 -67.714 -68.225 -69.225 -109.19 -110.19 -111.19 -131.668 -132.668 -133.668 -134.668 -165.585 -157.505 -183.379 -192.677 -193.677 -217.297 -218.297 -229.43 -230.43 -1000 
-157.0
-107.465 -106.495 -85.562 -86.577 -1000 
-105.0
-95.259 -72.74 -70.859 -1000 
-104.0
-91.037 -92.074 -77.501 -44.604 -18.634 -19.468 -3.035 -1000 
-108.0
-69.967 -68.125 -44.254 -1000 
-104.0
-91.037 -67.129 -42.267 -19.459 -44.057 -46.604 -1000 
-107.0
-98.792 -96.21 -83.459 -72.772 -78.781 -74.804 -50.406 -27.504 -33.031 -51.017 -70.676 -93.501 -81.658 -76.504 10000 
985.0
-98.792 -76.538 -87.908 -78.538 -55.446 -79.441 -84.544 -63.248 -86.544 -83.574 -94.916 -61.62 -56.146 -33.182 -39.577 -52.774 -31.882 -52.268 -71.936 -95.204 -82.959 -57.205 22.323 -64.79 -73.695 -97.863 -74.284 -99.863 -76.284 -81.344 9.882 -54.825 -40.001 10000 
966.0
-116.121 -119.801 -120.801 -118.182 -98.033 -120.182 -117.723 10000 
992.0
-112.93 -114.796 -110.096 -111.096 -115.038 -122.541 -100.819 -1000 
-108.0
-98.792 -103.709 -80.544 -85.116 -1000 
-105.0
-101.561 -98.309 -113.066 -92.956 10000 
995.0
-1000 
-101.0
-79.954 -57.248 -35.331 -30.231 -8.726 -1.911 20.861 39.809 50.282 26.145 10.204 33.562 0.592 -1.546 5.536 20.454 10.846 21.349 25.307 -9.3 -6.85 11.997 20.445 9.67 -10.956 -2.5 -1000 
-127.0
-79.235 -77.089 -87.019 -54.515 -57.111 -32.964 -6.883 -19.806 -2.543 45.669 -19.544 -15.596 -35.812 -12.409 -15.777 7.92 -8.793 5.374 -23.907 1.176 6.962 12.475 -26.38 -1000 
-124.0
-1000 
-101.0
-79.185 -57.375 -54.454 -30.425 -8.847 -4.424 20.232 33.267 41.432 17.653 -1000 
-111.0
-161.47 -152.341 -142.528 -118.095 -96.327 -77.238 -58.34 -42.978 -50.277 29.147 -24.236 -11.115 -26.236 -1000 
-114.0
-146.492 -142.229 -120.065 -96.39 -74.895 29.929 -58.34 -41.701 -21.455 33.582 13.943 30.684 5.435 -0.093 7.153 10.463 24.306 26.097 25.585 10000 
980.0
-72.517 -70.758 -45.859 -77.062 -85.986 -77.259 -52.867 -59.443 -57.301 -45.612 -1000 
-111.0
-68.492 -45.976 -23.688 -20.945 -17.195 -3.364 18.797 37.172 45.613 -63.778 50.875 -44.805 11.168 -6.955 5.04 31.809 38.917 54.982 29.996 16.866 -1.828 -20.881 -47.623 -64.005 -87.714 -94.584 -120.072 -121.162 -1000 
-129.0
-95.259 -71.768 -69.892 -47.261 -46.334 -47.254 -23.945 -32.94 -10.991 7.771 32.251 29.539 14.414 10000 
986.0
-69.967 -47.44 -23.688 -20.945 1.745 36.231 47.613 23.58 24.24 13.757 29.339 10.162 20.181 15.411 -27.892 -58.193 -67.74 -60.193 -35.945 -28.353 -1.052 -20.2 -14.967 -3.154 4.669 -28.075 -1000 
-127.0
-69.967 -45.976 -23.688 -1.364 19.054 -1000 
-106.0
-65.203 -43.731 -48.755 -36.055 -41.864 -54.2 10000 
993.0
-65.203 -40.77 -1000 
-103.0
-65.203 -71.363 -50.708 -45.731 -52.708 -47.731 -26.088 -6.302 2.058 23.2 32.497 7.498 31.996 19.951 -2.231 5.057 3.936 -27.107 -58.763 -42.505 -93.611 -87.073 -103.637 -118.526 -103.917 -1000 
-126.0
-47.382 -27.814 -10.02 4.858 20.114 26.06 43.259 43.496 58.979 33.159 56.979 31.159 4.831 -10.428 -23.053 0.754 -1000 
-117.0
-47.382 -27.814 -21.855 -15.243 -50.16 -17.243 4.26 25.497 34.281 20.997 -5.502 1.498 -28.635 -30.026 -1.387 -1000 
-116.0
-57.059 -51.402 -59.059 -73.393 -68.004 -65.019 -65.673 -73.165 -85.668 -104.141 -117.108 -118.108 -100.966 -88.61 -58.379 -40.235 -24.459 -2.771 15.226 24.57 18.438 32.875 30.2 11.466 -5.254 -6.254 -7.254 7.028 -10.074 -11.394 -31.568 -32.568 -13.254 1.028 7.099 -17.394 -2.962 -20.55 -1000 
-139.0
-57.059 -51.402 -40.1 -7.182 13.6 25.164 10.732 27.745 45.261 59.206 44.495 33.172 26.349 -1.65 -30.271 -45.604 -35.21 -5.602 1.318 -0.756 -12.563 39.8 -15.681 -1000 
-124.0
-1000 
-101.0
-57.059 -64.342 -77.736 -71.649 -67.493 -64.13 -40.658 -43.518 -19.588 2.959 -21.588 -35.465 -50.853 -33.605 -52.18 -1000 
-116.0
-75.736 -57.4 -52.26 -46.234 -45.451 -17.942 6.389 3.216 -12.2 -1000 
-110.0
-57.059 -36.612 -17.108 -38.612 -19.108 -1.037 11.271 21.698 16.171 38.149 47.407 62.41 42.378 34.149 43.5 30.321 8.411 -7.26 -15.513 0.649 -36.438 10000 
978.0
-57.059 -36.612 -40.1 -7.182 0.455 -2.58 -1.204 21.698 46.378 38.149 47.5 35.809 13.109 34.11 43.407 30.695 32.365 14.722 18.621 36.676 18.196 12.475 22.558 -59.501 -34.5 2.998 21.484 50.882 33.322 -6.58 20.889 12.698 26.482 39.675 14.797 -2.035 -33.322 -9.974 24.721 -33.9 10000 
959.0
-57.059 -51.402 -46.828 -23.906 -0.538 -3.885 -1000 
-107.0
-67.916 -48.121 -31.197 -17.051 -6.587 -7.587 -2.99 -3.99 7.382 11.491 6.141 16.123 1.235 8.858 28.251 39.577 22.328 27.703 29.421 52.483 28.077 -1000 
-122.0
-57.059 -50.982 -57.656 -52.316 -66.891 -73.649 -52.508 -32.626 -26.214 -4.062 16.262 29.461 29.953 25.735 30.054 43.476 41.994 29.106 23.168 22.155 38.161 10000 
978.0
-58.523 -52.286 -46.739 -47.606 -24.872 -32.968 -11.807 6.515 -17.624 -44.127 -37.199 -36.03 -67.523 -81.296 -61.191 -42.923 -62.03 -44.923 2.5 -9.016 3.846 6.802 30.032 16.716 30.917 -1000 
-126.0
-58.523 -52.446 -29.161 -7.787 13.445 27.497 11.445 24.817 28.76 19.243 35.385 57.0 35.911 12.016 9.823 -16.638 34.465 30.803 11.746 -43.452 -25.193 -48.885 -1000 
-123.0
-45.106 -1000 
-102.0
-58.523 -52.446 -46.739 -23.916 -24.956 -32.968 -49.004 -69.508 -91.814 -71.143 -58.063 -82.799 -73.589 -68.568 -63.399 -48.606 24.264 55.815 -25.267 -11.344 -3.964 -1000 
-122.0
-99.665 -96.614 -74.822 -52.091 -29.753 -23.788 -19.284 -19.984 1.975 23.189 1.691 -17.879 -41.079 -1.581 -44.052 -31.631 -8.675 -16.71 2.586 18.951 4.658 -31.539 -36.586 -42.043 -13.447 24.0 -18.696 -29.566 -28.756 -43.501 -44.586 -56.005 -78.064 -109.065 -110.065 -136.056 -167.186 -168.186 -193.79 -220.618 -222.92 -206.135 -223.931 -224.931 -226.92 -227.92 -228.92 -216.719 -230.92 -216.11 -217.11 -218.11 -234.92 -235.92 -236.92 -237.92 -225.719 -226.719 -227.719 -241.92 -242.92 -228.11 -244.92 -245.92 -246.92 -247.92 -248.92 -249.92 -250.92 -251.92 -252.92 -253.92 -254.92 -1000 
-174.0
-99.665 -78.263 -1000 
-103.0
-76.348 -71.26 -68.159 -65.147 -76.186 -72.455 -49.017 -27.961 -6.798 11.242 23.931 47.82 43.495 29.23 9.927 10.715 12.441 32.974 15.563 33.425 11.817 -1000 
-122.0
-92.594 -90.013 -77.379 -66.106 -69.344 -68.106 -45.128 -50.746 -74.885 -83.978 -64.324 -81.068 -63.473 -48.737 -38.124 -66.3 -93.414 46.958 20.738 3.775 -1000 
-121.0
-1000 
-101.0
-92.594 -70.42 -77.124 -66.254 -70.648 -49.994 -63.376 -42.51 -30.697 -55.543 -68.631 -49.9 -31.647 -17.908 -44.454 -72.297 57.477 -96.703 -69.541 -69.117 -73.557 -1000 
-122.0
-91.781 -89.47 -1000 
-103.0
-92.594 -107.697 -104.959 -109.697 -114.027 -111.697 -108.959 -108.511 -85.097 -62.614 -67.472 -77.812 -69.69 -79.812 -57.879 -37.828 -21.624 -7.995 -1.7 -8.308 -16.863 28.483 -7.701 -69.941 -69.581 -67.969 -51.94 -38.384 29.292 1.477 -61.962 -95.166 16.194 -149.375 -183.045 -184.045 -219.789 -236.715 -260.58 -261.58 -262.58 -263.58 -1000 
-143.0
-99.665 -96.468 -73.683 -52.13 -48.42 -45.157 -45.518 -53.294 -32.124 10000 
990.0
-99.665 -96.614 -74.822 -71.352 -76.822 -73.48 -51.292 -46.828 -22.553 -29.906 -54.994 -33.304 -12.388 -5.877 20.77 -7.877 -31.964 -32.776 -10.207 -12.405 11.07 32.456 37.296 34.81 17.099 7.24 32.113 42.808 12.8 13.875 -7.502 15.439 -12.211 -4.12 -58.171 -55.865 -38.32 -22.856 5.153 -7.713 -2.382 -1000 
-142.0
-72.633 -69.32 -74.633 -70.514 -94.807 -72.514 -50.492 -46.87 -22.879 -29.077 -7.591 -0.031 18.616 -2.031 -0.691 -12.059 -2.691 21.374 43.077 38.309 3.318 4.979 26.896 -0.136 -27.111 -24.272 -53.18 23.853 -59.592 -80.886 -67.0 -52.955 -43.535 -1.94 -3.508 -134.394 -134.071 27.858 -193.943 -222.789 -226.012 -257.5 -254.617 -265.58 -266.58 -244.218 -245.218 -216.365 -217.365 -13.738 -272.58 -273.58 -1000 
-153.0
-72.633 -69.32 -76.395 -43.144 -19.226 -10.853 -43.155 -49.311 -27.145 -22.566 -28.269 -43.091 -61.693 -86.304 -110.787 -140.163 -152.502 -141.294 -168.347 -191.822 -185.724 -162.74 -187.724 -183.948 -216.96 -245.731 -269.46 -268.656 -269.375 -272.429 -296.254 -1000 
-132.0
-92.594 -70.42 -47.448 -24.266 -3.976 14.223 27.147 35.132 -7.976 -1.151 1.894 -6.983 -0.106 -11.175 -30.866 -55.269 -70.869 -92.794 -82.357 -74.082 -69.133 -99.813 -131.638 -132.192 -135.788 -165.42 -133.356 -135.831 -134.567 -166.009 -188.184 -216.925 -243.056 -234.147 -259.704 -253.355 -266.477 -267.477 -275.232 -276.232 -270.477 -278.232 -279.232 -280.232 -281.232 -275.122 10000 
953.0
-99.665 -96.468 -72.26 -50.738 -46.981 -23.788 -26.324 -12.601 3.968 14.48 23.875 22.74 40.837 10000 
986.0
-126.111 -1000 
-102.0
-115.495 -98.16 -89.569 -73.803 -1000 
-105.0
-114.371 -97.138 -82.804 -72.846 -59.89 -50.045 33.541 26.303 33.447 24.161 44.7 39.112 36.141 10000 
986.0
-177.964 -1000 
-102.0
-155.569 -180.589 -157.569 -156.154 -131.488 -130.168 -129.826 -105.373 -80.936 -86.732 20.614 -91.941 -65.662 -80.257 -59.158 -43.922 -24.261 -7.932 13.238 29.599 36.544 45.381 23.623 11.737 22.531 -7.956 -19.945 -11.506 -32.6 -64.579 -86.946 -92.073 -93.073 -102.19 -114.689 -130.529 -131.529 -117.425 -118.689 -133.275 -116.589 -135.275 -136.275 -154.217 -1000 
-145.0
-177.964 -155.218 -163.917 -154.457 -136.164 -124.208 -102.292 -90.565 -65.061 -42.045 -60.727 -44.045 -62.727 -46.688 -1000 
-115.0
-141.45 -132.049 -127.708 -102.976 -90.095 -65.937 -44.146 -27.812 -9.599 5.632 27.851 26.66 61.615 45.844 25.084 18.823 4.635 10000 
982.0
-126.08 -111.13 -122.7 -113.13 -99.606 -88.15 -80.403 -64.078 -42.21 -19.814 41.541 20.238 -1000 
-113.0
-126.08 -114.253 -96.785 -82.917 -71.091 -47.495 -24.591 -10.152 -1.035 38.516 10000 
989.0
-1000 
-101.0
-91.575 -1000 
-102.0
-91.037 -68.125 -78.501 -73.195 -50.902 -28.46 -7.112 19.538 -10.616 -29.425 10000 
989.0
-92.115 -69.216 -79.007 -74.254 -83.554 -61.532 -53.12 -31.646 -15.234 -42.438 -33.617 -5.824 18.346 33.577 33.915 4.831 11.88 -4.5 6.061 -70.524 10000 
979.0
-108.033 -107.567 -1000 
-103.0
-106.567 -106.543 -86.5 -59.575 -64.235 -74.524 -62.434 -43.725 -64.434 -1000 
-110.0
-92.115 -107.567 -107.543 -109.567 -86.652 -1000 
-106.0
-92.115 -1000 
-102.0
-92.115 -92.559 -96.667 -103.64 -87.003 -70.688 -84.007 -72.688 -62.522 -58.39 -33.489 -1000 
-112.0
-1000 
-101.0
-1000 
-101.0
-92.115 -1000 
-102.0
-69.076 -1000 
-102.0
-92.115 -68.221 -1000 
-103.0
-1000 
-101.0
-95.852 -1000 
-102.0
-72.344 -70.946 -69.692 -1000 
-104.0
-108.033 -1000 
-102.0
-1000 
-101.0
-1000 
-101.0
-106.567 -106.543 -1000 
-103.0
-84.825 -61.733 -1000 
-103.0
-70.55 -1000 
-102.0
-92.115 -1000 
-102.0
-92.115 -107.567 -107.555 -1000 
-104.0
-69.567 -68.221 -68.555 -72.598 -1000 
-105.0
-1000 
-101.0
-1000 
-101.0
-1000 
-101.0
-1000 
-101.0
-1000 
-101.0
-1000 
-101.0
-1000 
-101.0
-1000 
-101.0
-1000 
-101.0
-91.119 -1000 
-102.0
-91.119 -68.221 -1000 
-103.0
-68.094 -1000 
-102.0
-1000 
-101.0
-1000 
-101.0
-69.567 -1000 
-102.0
-1000 
-101.0
-1000 
-101.0
-68.094 -1000 
-102.0
-107.044 -1000 
-102.0
-1000 
-101.0
-105.57 -82.656 -1000 
-103.0
-91.119 -1000 
-102.0
-91.119 -1000 
-102.0
-91.119 -1000 
-102.0
-68.094 -45.598 -1000 
-103.0
-68.094 -67.226 -44.369 -44.084 -1000 
-105.0
-1000 
-101.0
-1000 
-101.0
-91.119 -1000 
-102.0
-69.567 -1000 
-102.0
-1000 
-101.0
-91.119 -1000 
-102.0
-1000 
-101.0
-91.119 -67.226 -70.094 10000 
996.0
-1000 
-101.0
-1000 
-101.0
-1000 
-101.0
-1000 
-101.0
-1000 
-101.0
-1000 
-101.0
-68.094 -67.226 -66.556 -42.567 -1000 
-105.0
-90.857 -91.713 -95.688 10000 
996.0
-1000 
-101.0
-1000 
-101.0
-69.567 -68.221 -1000 
-103.0
-1000 
-101.0
-69.567 -72.373 -1000 
-103.0
-1000 
-101.0
-1000 
-101.0
-1000 
-101.0
-67.91 -1000 
-102.0
-90.499 -1000 
-102.0
-1000 
-101.0
-1000 
-101.0
-90.499 -1000 
-102.0
-1000 
-101.0
-1000 
-101.0
-90.499 -67.582 -1000 
-103.0
-67.91 -1000 
-102.0
-90.499 -91.589 -1000 
-103.0
-1000 
-101.0
-90.499 -1000 
-102.0
-67.91 -1000 
-102.0
-67.91 -66.542 -43.649 -18.827 -1000 
-105.0
-1000 
-101.0
-1000 
-101.0
-67.91 -1000 
-102.0
-1000 
-101.0
-90.499 -67.582 -1000 
-103.0
-1000 
-101.0
-106.898 -1000 
-102.0
-67.91 10000 
998.0
-1000 
-101.0
-1000 
-101.0
-1000 
-101.0
-69.385 -1000 
-102.0
-1000 
-101.0
-1000 
-101.0
-67.91 -43.915 -1000 
-103.0
-94.667 -1000 
-102.0
-1000 
-101.0
-94.667 -93.483 -1000 
-103.0
-1000 
-101.0
-90.499 -67.582 -43.649 -44.204 -21.255 -1000 
-106.0
-1000 
-101.0
-67.91 -1000 
-102.0
-106.898 -1000 
-102.0
-85.153 -62.521 10000 
997.0
-67.91 -45.379 -1000 
-103.0
-1000 
-101.0
-94.667 -93.549 -1000 
-103.0
-90.499 -1000 
-102.0
-1000 
-101.0
-1000 
-101.0
-1000 
-101.0
-1000 
-101.0
-63.461 -60.371 10000 
997.0
-1000 
-101.0
-185.881 -179.793 -181.794 -1000 
-104.0
-200.342 -192.601 10000 
997.0
-200.342 -180.643 -202.342 -182.643 10000 
995.0
-1000 
-101.0
-200.342 -1000 
-102.0
-1000 
-101.0
-1000 
-101.0
-187.123 -180.643 -182.678 -159.746 10000 
995.0
-1000 
-101.0
-1000 
-101.0
-1000 
-101.0
-200.342 -1000 
-102.0
-1000 
-101.0
-1000 
-101.0
-187.123 -1000 
-102.0
-1000 
-101.0
-187.123 -167.41 -160.741 -1000 
-104.0
-1000 
-101.0
-1000 
-101.0
-200.342 -192.601 -182.255 -194.601 -1000 
-105.0
-1000 
-101.0
-93.838 -94.007 -1000 
-103.0
-93.838 -94.007 -1000 
-103.0
-93.838 -109.273 -1000 
-103.0
-1000 
-101.0
-108.273 -1000 
-102.0
-1000 
-101.0
-86.738 10000 
998.0
-93.838 -69.923 -1000 
-103.0
-72.5 -50.063 -1000 
-103.0
-72.5 -1000 
-102.0
-1000 
-101.0
-93.838 -1000 
-102.0
-1000 
-101.0
-109.897 -89.213 -1000 
-103.0
-1000 
-101.0
-1000 
-101.0
-97.854 -74.442 -98.879 -1000 
-104.0
-95.524 -1000 
-102.0
-1000 
-101.0
-72.5 -1000 
-102.0
-72.5 -70.973 -1000 
-103.0
-1000 
-101.0
-1000 
-101.0
-1000 
-101.0
-1000 
-101.0
-72.633 -69.46 -1000 
-103.0
-1000 
-101.0
-1000 
-101.0
-92.594 -70.42 -47.448 -24.266 -3.123 -1000 
-106.0
-1000 
-101.0
-1000 
-101.0
-1000 
-101.0
-1000 
-101.0
-1000 
-101.0
-72.633 -1000 
-102.0
-1000 
-101.0
-92.594 -1000 
-102.0
-110.027 -1000 
-102.0
-1000 
-101.0
-1000 
-101.0
-106.697 -86.327 -1000 
-103.0
-1000 
-101.0
-1000 
-101.0
-72.633 -51.524 -31.224 -37.159 -1000 
-105.0
-95.614 -1000 
-102.0
-1000 
-101.0
-1000 
-101.0
-1000 
-101.0
-90.499 -1000 
-102.0
-67.91 -1000 
-102.0
-90.499 -91.589 -1000 
-103.0
-106.898 -1000 
-102.0
-1000 
-101.0
-1000 
-101.0
-104.96 -84.022 -1000 
-103.0
-1000 
-101.0
-1000 
-101.0
-1000 
-101.0
-1000 
-101.0
-1000 
-101.0
-1000 
-101.0
-90.499 -1000 
-102.0
-69.385 -45.379 -1000 
-103.0
-1000 
-101.0
-1000 
-101.0
-1000 
-101.0
-1000 
-101.0
-1000 
-101.0
-67.91 -1000 
-102.0
-1000 
-101.0
-90.499 -67.582 -78.003 10000 
996.0
-1000 
-101.0
-106.898 -1000 
-102.0
-104.96 -1000 
-102.0
-105.495 -82.569 10000 
997.0
-90.499 -67.582 -1000 
-103.0
-90.499 -67.582 -1000 
-103.0
-1000 
-101.0
-1000 
-101.0
-106.898 -86.153 -1000 
-103.0
-69.385 -1000 
-102.0
-90.499 -67.582 -71.385 -70.125 -47.248 -51.516 -1000 
-107.0
-91.037 -1000 
-102.0
-1000 
-101.0
-1000 
-101.0
-90.499 -1000 
-102.0
-1000 
-101.0
-69.385 -1000 
-102.0
-69.385 -1000 
-102.0
-1000 
-101.0
-1000 
-101.0
-90.499 -1000 
-102.0
-67.91 -43.915 -1000 
-103.0
-106.898 -1000 
-102.0
-1000 
-101.0
-1000 
-101.0
-1000 
-101.0
-69.967 -47.44 -1000 
-103.0
-1000 
-101.0
-69.967 -47.44 -50.54 -48.734 -1000 
-105.0
-91.575 -68.67 -78.513 10000 
996.0
-1000 
-101.0
-107.465 -86.728 -1000 
-103.0
-1000 
-101.0
-68.492 -45.976 -1000 
-103.0
-1000 
-101.0
-1000 
-101.0
-1000 
-101.0
-1000 
-101.0
-91.575 -92.074 -1000 
-103.0
-69.967 -45.976 -22.243 -1000 
-104.0
-1000 
-101.0
-1000 
-101.0
-1000 
-101.0
-1000 
-101.0
-91.037 -1000 
-102.0
-91.575 -94.625 -1000 
-103.0
-1000 
-101.0
-1000 
-101.0
-1000 
-101.0
-67.91 10000 
998.0
-1000 
-101.0
-1000 
-101.0
-1000 
-101.0
-1000 
-101.0
-1000 
-101.0
-69.385 -1000 
-102.0
-1000 
-101.0
-1000 
-101.0
-1000 
-101.0
-94.667 -1000 
-102.0
-71.137 10000 
998.0
-1000 
-101.0
-92.549 -1000 
-102.0
-1000 
-101.0
-1000 
-101.0
-1000 
-101.0
-90.499 -1000 
-102.0
-69.385 -1000 
-102.0
-1000 
-101.0
-69.385 -1000 
-102.0
-1000 
-101.0
-62.995 -1000 
-102.0
-1000 
-101.0
-1000 
-101.0
-91.037 -1000 
-102.0
-91.037 -68.125 10000 
997.0
-1000 
-101.0
-1000 
-101.0
-69.385 -1000 
-102.0
-91.037 -68.125 -93.037 -1000 
-104.0
-91.037 -68.125 -78.02 10000 
996.0
-91.037 -1000 
-102.0
-1000 
-101.0
-1000 
-101.0
-1000 
-101.0
-1000 
-101.0
-91.037 -1000 
-102.0
-1000 
-101.0
-91.037 -1000 
-102.0
-91.037 -1000 
-102.0
-67.91 -1000 
-102.0
-1000 
-101.0
-1000 
-101.0
-1000 
-101.0
-1000 
-101.0
-91.037 -68.125 -78.003 10000 
996.0
-1000 
-101.0
-1000 
-101.0
-67.91 -1000 
-102.0
-1000 
-101.0
-106.898 -1000 
-102.0
-1000 
-101.0
-1000 
-101.0
-104.96 -105.568 -109.533 -86.491 -96.397 -80.932 10000 
993.0
-90.499 -91.574 -1000 
-103.0
-1000 
-101.0
-67.91 -1000 
-102.0
-67.91 -1000 
-102.0
-1000 
-101.0
-1000 
-101.0
-1000 
-101.0
-1000 
-101.0
-1000 
-101.0
-90.499 -66.586 -43.702 -1000 
-104.0
-1000 
-101.0
-67.91 -1000 
-102.0
-1000 
-101.0
-1000 
-101.0
-1000 
-101.0
-67.91 -93.065 -1000 
-103.0
-94.667 -72.137 10000 
997.0
-1000 
-101.0
-73.388 10000 
998.0
-73.388 -52.224 -1000 
-103.0
-1000 
-101.0
-71.987 -1000 
-102.0
-1000 
-101.0
-1000 
-101.0
-91.988 -1000 
-102.0
-1000 
-101.0
-1000 
-101.0
-73.388 -69.801 -1000 
-103.0
-91.988 -89.451 -1000 
-103.0
-1000 
-101.0
-91.183 -1000 
-102.0
-1000 
-101.0
-1000 
-101.0
-71.987 -50.86 -30.541 -10.052 -3.549 -1000 
-106.0
-1000 
-101.0
-1000 
-101.0
-109.404 -1000 
-102.0
-1000 
-101.0
-1000 
-101.0
-1000 
-101.0
-1000 
-101.0
-71.03 10000 
998.0
-69.661 -48.606 -1000 
-103.0
-1000 
-101.0
-1000 
-101.0
-1000 
-101.0
-1000 
-101.0
-62.041 -59.399 -1000 
-103.0
-63.461 -40.577 -1000 
-103.0
-82.798 -87.382 -84.798 -1000 
-104.0
-1000 
-101.0
-63.461 -1000 
-102.0
-1000 
-101.0
-89.081 -86.454 -1000 
-103.0
-82.798 -1000 
-102.0
-82.798 -1000 
-102.0
-63.461 -1000 
-102.0
-1000 
-101.0
-1000 
-101.0
-1000 
-101.0
-62.041 -1000 
-102.0
-63.461 -87.382 -64.041 -1000 
-104.0
-62.041 -59.399 -35.305 -32.344 -1000 
-105.0
-1000 
-101.0
-100.137 -76.137 -1000 
-103.0
-94.289 -1000 
-102.0
-1000 
-101.0
-74.033 -78.263 -1000 
-103.0
-1000 
-101.0
-1000 
-101.0
-1000 
-101.0
-95.614 -92.037 -89.969 -1000 
-104.0
-1000 
-101.0
-92.594 -1000 
-102.0
-1000 
-101.0
-1000 
-101.0
-1000 
-101.0
-1000 
-101.0
-1000 
-101.0
-1000 
-101.0
-72.633 -51.524 -1000 
-103.0
-1000 
-101.0
-1000 
-101.0
-1000 
-101.0
-74.033 -1000 
-102.0
-1000 
-101.0
-92.594 -90.013 -76.395 -1000 
-104.0
-92.594 -1000 
-102.0
-92.594 -1000 
-102.0
-1000 
-101.0
-71.911 10000 
998.0
-93.292 -1000 
-102.0
-1000 
-101.0
-1000 
-101.0
-1000 
-101.0
-1000 
-101.0
-1000 
-101.0
-93.292 -69.371 -1000 
-103.0
-93.292 -1000 
-102.0
-1000 
-101.0
-109.325 -108.73 -1000 
-103.0
-1000 
-101.0
-1000 
-101.0
-1000 
-101.0
-1000 
-101.0
-87.632 -1000 
-102.0
-1000 
-101.0
-1000 
-101.0
-70.441 -48.002 -1000 
-103.0
-1000 
-101.0
-1000 
-101.0
-1000 
-101.0
-92.992 -1000 
-102.0
-93.838 -1000 
-102.0
-93.838 -94.012 -97.646 -1000 
-104.0
-1000 
-101.0
-1000 
-101.0
-1000 
-101.0
-1000 
-101.0
-1000 
-101.0
-72.5 -70.973 -74.5 -52.063 -1000 
-105.0
-1000 
-101.0
-1000 
-101.0
-1000 
-101.0
-93.838 -109.273 -1000 
-103.0
-1000 
-101.0
-109.897 -1000 
-102.0
-1000 
-101.0
-1000 
-101.0
-108.273 -108.006 -1000 
-103.0
-108.273 -1000 
-102.0
-88.213 -65.667 -64.525 -1000 
-104.0
-1000 
-101.0
-71.03 -69.923 -47.102 -1000 
-104.0
-1000 
-101.0
-1000 
-101.0
-1000 
-101.0
-1000 
-101.0
-89.15 -91.512 -95.653 -1000 
-104.0
-1000 
-101.0
-1000 
-101.0
-71.911 -1000 
-102.0
-1000 
-101.0
-97.256 -1000 
-102.0
-1000 
-101.0
-72.832 10000 
998.0
-1000 
-101.0
-72.832 -70.218 -69.309 -1000 
-104.0
-1000 
-101.0
-1000 
-101.0
-109.325 -1000 
-102.0
-86.156 -84.838 -109.73 -110.73 -1000 
-105.0
-1000 
-101.0
-1000 
-101.0
-107.73 -86.828 -1000 
-103.0
-71.911 -70.42 -1000 
-103.0
-1000 
-101.0
-70.441 -48.002 -1000 
-103.0
-1000 
-101.0
-93.292 -1000 
-102.0
-1000 
-101.0
-92.594 -69.32 -74.633 -53.524 -1000 
-105.0
-1000 
-101.0
-72.633 -1000 
-102.0
-110.027 -107.697 -85.392 -1000 
-104.0
-1000 
-101.0
-1000 
-101.0
-1000 
-101.0
-1000 
-101.0
-1000 
-101.0
-1000 
-101.0
-74.033 -52.886 -1000 
-103.0
-74.033 -1000 
-102.0
-1000 
-101.0
-1000 
-101.0
-72.633 -1000 
-102.0
-92.594 -1000 
-102.0
-92.594 -89.451 -1000 
-103.0
-99.665 -1000 
-102.0
-1000 
-101.0
-1000 
-101.0
-1000 
-101.0
-1000 
-101.0
-1000 
-101.0
-1000 
-101.0
-73.566 -51.071 -29.501 -10.755 10000 
995.0
-1000 
-101.0
-1000 
-101.0
-103.659 -1000 
-102.0
-102.122 -81.208 -81.55 -1000 
-104.0
-1000 
-101.0
-66.225 -42.304 -1000 
-103.0
-87.398 -1000 
-102.0
-91.562 -1000 
-102.0
-89.221 -1000 
-102.0
-87.676 -1000 
-102.0
-1000 
-101.0
-1000 
-101.0
-87.676 -88.048 -1000 
-103.0
-87.676 -1000 
-102.0
-91.562 -69.1 10000 
997.0
-1000 
-101.0
-1000 
-101.0
-1000 
-101.0
-67.132 -65.113 -1000 
-103.0
-1000 
-101.0
-1000 
-101.0
-64.753 -40.845 -1000 
-103.0
-64.753 -1000 
-102.0
-69.567 10000 
998.0
-94.874 -71.402 -49.242 -1000 
-104.0
-71.373 -48.242 -24.592 -21.5 -19.26 -1000 
-106.0
-1000 
-101.0
-1000 
-101.0
-1000 
-101.0
-67.91 -67.084 -1000 
-103.0
-1000 
-101.0
-1000 
-101.0
-1000 
-101.0
-1000 
-101.0
-1000 
-101.0
-91.037 -1000 
-102.0
-67.91 -45.379 -23.072 -0.722 -5.056 15.498 10000 
993.0
-91.426 -71.094 -1000 
-103.0
-91.426 -71.094 -50.063 -44.138 -24.415 10000 
994.0
-106.781 -84.857 -1000 
-103.0
-88.885 -1000 
-102.0
-87.501 -1000 
-102.0
-88.885 -1000 
-102.0
-88.885 -1000 
-102.0
-88.885 -1000 
-102.0
-1000 
-101.0
-1000 
-101.0
-1000 
-101.0
-1000 
-101.0
-1000 
-101.0
-72.5 10000 
998.0
-1000 
-101.0
-1000 
-101.0
-1000 
-101.0
-72.5 -50.063 -27.882 -52.063 -1000 
-105.0
-93.838 -109.273 -1000 
-103.0
-1000 
-101.0
-1000 
-101.0
-1000 
-101.0
-1000 
-101.0
-1000 
-101.0
-1000 
-101.0
-88.213 -1000 
-102.0
-1000 
-101.0
-93.838 -1000 
-102.0
-1000 
-101.0
-1000 
-101.0
-1000 
-101.0
-1000 
-101.0
-1000 
-101.0
-1000 
-101.0
-1000 
-101.0
-1000 
-101.0
-91.575 -92.547 -67.555 -1000 
-104.0
-70.55 -1000 
-102.0
-70.55 -1000 
-102.0
-70.55 -69.216 -79.0 -73.574 -83.356 -75.574 10000 
993.0
-1000 
-101.0
-1000 
-101.0
-1000 
-101.0
-1000 
-101.0
-1000 
-101.0
-1000 
-101.0
-1000 
-101.0
-69.076 -1000 
-102.0
-108.033 -1000 
-102.0
-1000 
-101.0
-1000 
-101.0
-1000 
-101.0
-1000 
-101.0
-106.567 -1000 
-102.0
-1000 
-101.0
-1000 
-101.0
-86.304 -1000 
-102.0
-1000 
-101.0
-74.033 -52.886 -1000 
-103.0
-1000 
-101.0
-1000 
-101.0
-1000 
-101.0
-1000 
-101.0
-74.033 10000 
998.0
-74.033 -52.886 -48.557 -44.711 -1000 
-105.0
-1000 
-101.0
-1000 
-101.0
-92.594 10000 
998.0
-92.594 -70.42 -48.392 -27.011 -1000 
-105.0
-1000 
-101.0
-1000 
-101.0
-110.027 -1000 
-102.0
-87.663 10000 
998.0
-92.594 10000 
998.0
-92.594 10000 
998.0
-92.594 -69.32 10000 
997.0
-92.594 10000 
998.0
-92.594 -70.42 10000 
997.0
-1000 
-101.0
-1000 
-101.0
-1000 
-101.0
-1000 
-101.0
-92.594 -1000 
-102.0
-1000 
-101.0
-1000 
-101.0
-92.594 -70.42 -94.594 10000 
996.0
-72.633 -1000 
-102.0
-92.594 -1000 
-102.0
-1000 
-101.0
-92.594 -70.42 -1000 
-103.0
-1000 
-101.0
-92.594 -1000 
-102.0
-99.665 -78.263 10000 
997.0
-76.348 -71.26 -68.159 -45.981 -42.666 10000 
994.0
-92.594 -89.819 -77.124 -1000 
-104.0
-1000 
-101.0
-1000 
-101.0
-1000 
-101.0
-92.594 -1000 
-102.0
-1000 
-101.0
-74.033 -97.668 -1000 
-103.0
-1000 
-101.0
-72.633 -1000 
-102.0
-72.633 -1000 
-102.0
-1000 
-101.0
-74.033 -70.42 -1000 
-103.0
-72.633 10000 
998.0
10000 
999.0
-1000 
-101.0
-99.665 -77.348 10000 
997.0
-95.468 -100.665 -101.665 -98.468 -95.037 -1000 
-106.0
-99.665 -100.665 -79.263 10000 
996.0
-99.665 -96.468 -1000 
-103.0
-99.665 -100.665 -101.665 -102.665 -80.348 -58.004 -1000 
-107.0
-99.665 -100.665 -79.263 -58.648 -1000 
-105.0
-76.348 -1000 
-102.0
-95.614 -73.822 -52.468 -30.505 -24.906 -19.553 -1000 
-107.0
-74.033 -1000 
-102.0
-1000 
-101.0
-92.594 -90.081 -65.37 -64.522 10000 
995.0
-1000 
-101.0
-1000 
-101.0
-1000 
-101.0
-92.594 -1000 
-102.0
-92.594 -1000 
-102.0
-92.594 -1000 
-102.0
-92.594 -107.697 -112.027 -115.816 -96.211 -1000 
-106.0
-1000 
-101.0
-95.614 -100.665 -97.614 -1000 
-104.0
-1000 
-101.0
-92.594 -1000 
-102.0
-92.594 -69.32 -1000 
-103.0
-1000 
-101.0
-1000 
-101.0
-99.665 -96.614 -101.665 -79.348 10000 
995.0
-95.468 -1000 
-102.0
-92.594 -90.013 -1000 
-103.0
-92.594 -1000 
-102.0
-1000 
-101.0
-1000 
-101.0
-1000 
-101.0
-110.027 -1000 
-102.0
-89.081 -86.327 -1000 
-103.0
-99.665 -1000 
-102.0
-1000 
-101.0
-1000 
-101.0
-1000 
-101.0
-1000 
-101.0
-95.468 -72.683 -51.13 -47.42 -1000 
-105.0
-92.594 -1000 
-102.0
-1000 
-101.0
-74.033 -51.524 -1000 
-103.0
-1000 
-101.0
-1000 
-101.0
-92.594 -1000 
-102.0
-92.594 -89.451 -75.815 -64.608 -70.039 -47.458 -58.565 -39.091 -59.473 -44.737 -1000 
-111.0
-92.594 -89.451 -94.594 -72.42 10000 
995.0
-92.594 -97.668 -1000 
-103.0
-92.594 -1000 
-102.0
-1000 
-101.0
-99.665 -78.263 10000 
997.0
-76.348 10000 
998.0
-1000 
-101.0
-112.816 -91.819 -1000 
-103.0
-1000 
-101.0
-76.348 -55.765 -1000 
-103.0
-1000 
-101.0
-1000 
-101.0
-112.816 -1000 
-102.0
-1000 
-101.0
-1000 
-101.0
-1000 
-101.0
-1000 
-101.0
-108.913 -105.768 -83.746 10000 
996.0
-1000 
-101.0
-72.633 -77.348 -73.41 -1000 
-104.0
-1000 
-101.0
-1000 
-101.0
-1000 
-101.0
-1000 
-101.0
-92.594 -1000 
-102.0
-1000 
-101.0
-1000 
-101.0
-1000 
-101.0
-92.594 -1000 
-102.0
-72.633 -1000 
-102.0
-74.033 -52.886 -1000 
-103.0
-72.633 -1000 
-102.0
-1000 
-101.0
-1000 
-101.0
-1000 
-101.0
-92.594 -90.081 -1000 
-103.0
-92.594 -107.697 -1000 
-103.0
-1000 
-101.0
-106.697 -1000 
-102.0
-87.663 -1000 
-102.0
-1000 
-101.0
-1000 
-101.0
-92.594 -70.42 -47.613 -1000 
-104.0
-1000 
-101.0
-92.594 -90.081 -1000 
-103.0
-1000 
-101.0
-1000 
-101.0
-1000 
-101.0
-1000 
-101.0
-1000 
-101.0
-1000 
-101.0
-1000 
-101.0
-91.988 -68.84 -1000 
-103.0
-1000 
-101.0
-1000 
-101.0
-1000 
-101.0
-1000 
-101.0
-150.672 -1000 
-102.0
-1000 
-101.0
-1000 
-101.0
-149.321 -144.963 -1000 
-103.0
-150.672 -1000 
-102.0
-1000 
-101.0
-162.161 -147.527 -143.586 -1000 
-104.0
-150.672 -1000 
-102.0
-150.672 -1000 
-102.0
-162.161 -144.963 -1000 
-103.0
-1000 
-101.0
-150.672 -145.885 -1000 
-103.0
-149.321 -1000 
-102.0
-1000 
-101.0
-69.385 10000 
998.0
-1000 
-101.0
-1000 
-101.0
-1000 
-101.0
-1000 
-101.0
-90.499 -1000 
-102.0
-90.499 -1000 
-102.0
-1000 
-101.0
-1000 
-101.0
-1000 
-101.0
-1000 
-101.0
-67.91 -1000 
-102.0
-1000 
-101.0
-1000 
-101.0
-67.91 -93.065 -69.91 -47.379 -25.072 -1000 
-106.0
-1000 
-101.0
-69.385 -1000 
-102.0
-1000 
-101.0
-67.91 -66.586 -41.714 -1000 
-104.0
-1000 
-101.0
-1000 
-101.0
-69.385 -1000 
-102.0
-1000 
-101.0
-1000 
-101.0
-90.499 -1000 
-102.0
-1000 
-101.0
-67.91 -66.542 -77.003 -72.069 -97.897 -95.644 -99.897 -76.193 -1000 
-109.0
-67.91 -66.542 -1000 
-103.0
-69.385 -1000 
-102.0
-1000 
-101.0
-1000 
-101.0
-1000 
-101.0
-1000 
-101.0
-90.499 -1000 
-102.0
-67.91 -45.379 -21.627 -18.827 -1000 
-105.0
-1000 
-101.0
-1000 
-101.0
-90.499 -1000 
-102.0
-1000 
-101.0
-1000 
-101.0
-90.499 -1000 
-102.0
-1000 
-101.0
-67.91 -43.915 -21.627 -1000 
-104.0
-1000 
-101.0
-67.91 -71.164 -68.81 -1000 
-104.0
-1000 
-101.0
-94.667 -93.549 -70.801 -1000 
-104.0
-1000 
-101.0
-1000 
-101.0
-99.665 -1000 
-102.0
-76.348 -1000 
-102.0
-1000 
-101.0
-1000 
-101.0
-1000 
-101.0
-1000 
-101.0
-1000 
-101.0
-1000 
-101.0
-1000 
-101.0
-95.468 -1000 
-102.0
10000 
999.0
-92.594 10000 
998.0
-1000 
-101.0
-72.633 10000 
998.0
-72.633 10000 
998.0
-74.033 -70.42 -47.613 10000 
996.0
-1000 
-101.0
10000 
999.0
-1000 
-101.0
10000 
999.0
-1000 
-101.0
-99.665 10000 
998.0
-62.041 -39.193 -35.305 -13.602 -1000 
-105.0
-89.081 -1000 
-102.0
-1000 
-101.0
-66.399 -62.383 -59.896 -1000 
-104.0
-82.798 -1000 
-102.0
-89.081 -1000 
-102.0
-85.327 -1000 
-102.0
-1000 
-101.0
-1000 
-101.0
-82.798 -60.371 -38.04 -1000 
-104.0
-82.798 -60.371 -1000 
-103.0
-1000 
-101.0
-82.798 -60.371 -1000 
-103.0
-62.041 -40.577 -1000 
-103.0
-63.461 -1000 
-102.0
-1000 
-101.0
-1000 
-101.0
-82.798 -81.074 -1000 
-103.0
-1000 
-101.0
-82.798 -1000 
-102.0
-99.883 -1000 
-102.0
-97.026 -1000 
-102.0
-1000 
-101.0
-1000 
-101.0
-67.91 -71.164 -1000 
-103.0
-70.164 -68.319 -67.147 -68.231 -44.509 -21.763 2.28 -1000 
-108.0
-1000 
-101.0
-94.667 -71.164 10000 
997.0
-1000 
-101.0
-94.667 -1000 
-102.0
-92.483 -1000 
-102.0
-1000 
-101.0
-69.385 -1000 
-102.0
-69.385 -1000 
-102.0
-1000 
-101.0
-1000 
-101.0
-1000 
-101.0
-1000 
-101.0
-90.499 -1000 
-102.0
-1000 
-101.0
