-92.594 -1000 
-102.0
-1000 
-101.0
-92.594 -89.819 -104.718 -83.82 -59.648 -37.005 -14.07 -12.926 -19.671 1.471 9.744 4.388 -1000 
-113.0
-93.569 -69.167 -84.019 -75.427 -97.54 -98.031 -71.586 -69.889 -45.52 -70.608 -45.632 -22.667 1.768 10.807 24.294 -49.024 -38.501 -58.304 -36.603 -10.803 -29.941 -13.528 -41.613 -68.825 -73.896 -88.837 -88.627 -92.645 -100.454 26.757 -142.964 -134.962 -144.55 -155.622 -158.913 -133.085 -103.603 -21.411 -105.603 -131.088 -132.088 -165.913 -166.913 -192.123 -193.123 -194.123 -215.719 -216.719 -230.92 -231.92 -232.92 -233.92 -234.92 -235.92 -236.92 -237.92 -238.92 -222.135 -223.135 -240.931 -225.135 -226.135 -227.135 -1000 
-164.0
-72.633 -51.524 -47.448 -43.144 -19.226 -16.667 -24.214 -1.624 17.892 31.264 4.84 -1000 
-112.0
-60.086 -36.054 -13.732 -11.631 -1000 
-105.0
-99.124 -98.842 -77.891 -54.423 -55.246 -82.18 -58.743 -35.797 -43.058 -55.557 -35.801 -19.586 -7.238 -1.106 -8.86 -19.392 4.38 -1000 
-118.0
-106.532 -84.556 -81.134 -86.556 -64.192 -59.665 -37.897 -34.477 -10.908 -14.978 -12.908 -9.558 -11.743 14.376 12.71 33.797 20.515 39.323 19.951 -5.017 -29.544 -23.514 -35.358 -31.281 -2.369 -5.775 -18.92 1.394 6.997 -18.007 -16.088 10000 
968.0
-79.521 -77.332 -81.521 -59.68 -64.192 -41.622 -36.746 -33.019 -10.908 -5.107 -11.692 8.702 37.079 6.45 -13.27 13.064 31.433 31.113 5.918 -18.054 5.84 -11.723 -32.359 -1000 
-124.0
-100.869 -77.332 -85.445 -52.161 -1000 
-105.0
-106.532 -104.174 -81.134 -57.522 -35.725 -32.477 -9.861 18.979 -1000 
-109.0
-152.882 -143.563 -136.802 -125.109 -121.01 -107.574 54.152 -115.711 -95.199 -91.438 19.268 19.243 -90.41 30.486 21.454 -41.802 37.5 10.439 5.617 20.885 22.377 -11.732 -1000 
-123.0
-152.882 -143.563 -136.802 -125.109 -8.286 -117.8 -109.85 -1000 
-108.0
-172.307 -161.519 -151.377 -136.474 -129.506 -100.485 -88.966 -1000 
-108.0
-153.422 -138.816 -135.373 -101.337 -88.809 -66.76 -46.379 -32.016 -7.232 5.595 10.785 6.315 -1.31 13.662 33.783 10.397 33.18 47.423 -60.886 11.873 -5.422 6.961 -18.221 -19.954 10000 
975.0
-153.422 -1000 
-102.0
-152.882 -142.118 -154.882 -144.118 -137.373 -118.419 -93.883 -128.141 -85.873 -71.174 -60.283 -36.529 -14.843 -38.529 -17.219 -5.096 0.71 24.517 59.197 39.869 31.414 6.0 -7.409 -33.801 -39.024 -36.522 -40.136 15.875 -65.039 -100.021 -102.605 -108.895 -119.169 -131.821 -159.236 -172.611 -193.756 -194.756 -195.756 -200.143 -201.143 -182.293 -203.143 -204.143 -205.143 -206.143 -187.293 -208.143 -209.143 -1000 
-150.0
-152.21 -143.563 -132.005 -145.563 -131.231 -116.432 -90.329 -67.923 -83.843 -69.098 -44.358 -23.14 -11.27 9.873 -8.57 5.946 13.49 4.017 22.099 -3.791 -26.51 -61.05 -30.444 -28.506 -33.264 -44.698 -45.759 -46.698 -47.759 -81.113 -80.617 -84.818 -106.461 -1000 
-134.0
-153.422 -138.816 -148.753 -126.237 -105.772 -88.86 -69.588 -55.783 -48.692 -45.088 -21.612 -27.469 -17.288 -49.088 -54.105 -31.662 -48.133 -65.281 -50.716 -80.236 -106.775 -136.649 -108.775 -101.533 -132.985 -129.925 -134.585 -131.86 -140.845 -142.011 -145.253 -152.811 -153.811 -157.699 -159.128 -163.789 -171.09 -149.719 -122.677 -151.249 -174.615 -184.668 -186.124 -199.237 -200.237 -201.237 -202.237 -203.237 -209.143 -210.143 -211.143 -212.143 -213.143 -1000 
-154.0
-152.882 -142.118 -132.385 -114.602 -88.809 -103.337 -79.53 -65.467 -54.225 -46.693 -43.611 9.826 -18.009 9.456 28.689 12.607 33.18 32.996 44.492 10000 
980.0
-153.422 -138.816 -117.59 -96.679 -80.878 -1000 
-106.0
-152.21 -143.563 -152.697 -1000 
-104.0
-161.252 -173.333 -163.252 -150.612 -138.974 -121.888 10000 
993.0
-152.882 -166.436 -156.251 -168.436 -158.251 -166.712 -155.377 -138.956 -127.288 10000 
990.0
-91.037 -68.125 -78.501 -73.195 -83.095 -69.628 -51.405 -38.897 -33.031 -9.073 13.678 12.457 36.537 7.819 13.88 -3.002 8.061 22.614 20.229 5.534 -15.359 -16.359 -40.17 -41.17 -42.17 -43.17 -67.96 -68.96 -69.96 -95.331 -96.331 -92.855 -117.233 -122.087 -147.982 -173.033 -174.033 -172.062 -176.033 -1000 
-140.0
-68.492 -67.084 -44.199 10000 
996.0
-144.323 -135.002 -126.161 -100.653 -89.11 -67.797 -53.694 -32.484 -17.596 -9.355 10000 
989.0
-137.816 -147.68 -135.474 10000 
996.0
-137.816 -149.72 -135.888 -118.517 -137.888 -129.571 -112.691 -123.554 -107.832 -94.898 -109.832 -96.898 -105.222 -95.915 -21.501 -66.484 -47.752 -31.28 -1000 
-119.0
-137.816 -122.635 -118.354 -95.402 -71.916 -59.743 -34.477 -10.712 1.191 26.339 42.613 65.45 42.746 34.484 19.008 -1000 
-116.0
-125.544 -114.547 -107.201 -88.507 -59.942 -36.888 -8.8 0.652 -39.056 37.129 -1000 
-111.0
-140.24 -1000 
-102.0
-164.34 -157.601 -139.933 -131.953 -113.251 -98.5 -77.311 -96.067 -79.311 -99.713 -82.767 -103.302 -1000 
-113.0
-139.12 -121.848 -106.31 -93.784 -83.784 -72.715 40.038 42.794 -43.316 -18.907 28.03 -20.907 27.949 11.792 13.558 7.535 21.473 6.437 27.011 24.698 34.0 19.0 1.807 19.108 -0.193 -26.039 -34.616 -49.544 -1000 
-129.0
-141.364 -134.006 -113.233 -96.85 -84.113 -70.32 -51.453 -32.977 -15.001 37.5 8.963 43.035 25.38 27.083 42.175 38.505 11.065 -1000 
-118.0
-150.592 -141.436 -130.099 -119.46 -112.677 -89.995 -88.0 -91.011 -99.532 -109.561 -128.516 -149.358 -163.107 -1000 
-114.0
-1000 
-101.0
-150.592 -132.448 -122.319 -1000 
-104.0
-140.24 -132.448 -132.411 -103.84 -87.765 -75.206 -52.445 -43.932 -41.028 -67.515 -44.528 -49.444 -61.259 -1000 
-114.0
-169.946 -163.579 -164.579 -155.513 -138.063 -117.604 -104.185 -84.29 -64.53 -48.897 31.879 19.601 -1000 
-113.0
-140.24 -122.879 -108.15 -98.792 -86.22 -70.935 -58.727 -49.491 -44.188 -1000 
-110.0
-150.592 -132.448 -115.397 -98.792 -85.176 15.69 23.02 -34.8 -13.336 2.737 -27.97 -56.753 -74.14 -4.528 -54.446 31.118 40.439 12.692 17.342 -2.454 -1000 
-121.0
-140.24 -132.448 -131.57 -101.73 -83.746 -64.406 -49.156 -40.971 -17.189 -14.572 8.399 -16.572 -23.356 -48.08 -26.292 -40.332 -62.286 35.823 -65.643 -1000 
-120.0
-140.24 -123.916 -109.081 -95.086 -85.176 -74.251 40.689 44.278 19.607 -44.246 42.144 40.319 -27.976 12.915 36.0 33.239 33.5 -8.741 -11.128 -12.603 -1000 
-121.0
-275.408 -254.209 -232.164 -230.686 -222.036 -204.805 -186.915 -169.165 -1000 
-109.0
-276.565 -269.052 -1000 
-103.0
-287.296 -300.187 -290.661 -291.661 -278.412 -270.448 -240.123 -219.815 -201.419 -182.678 -1000 
-111.0
-306.658 -300.187 -290.661 -277.412 -278.412 -265.695 -244.831 -1000 
-108.0
-90.499 -66.586 -43.702 -20.381 -41.887 -22.381 1.803 1.323 31.094 48.899 34.776 31.088 14.669 4.779 33.496 36.049 44.205 24.099 22.383 40.34 56.085 -2.657 4.531 27.929 26.716 -28.002 -1000 
-127.0
-90.499 -91.589 -95.288 -71.358 -81.922 -68.899 -51.67 -70.899 -55.12 -42.438 -18.001 1.845 12.335 33.72 33.996 17.519 11.88 -9.044 9.88 14.368 -9.68 -27.71 -38.039 -62.504 -85.415 -1000 
-126.0
-67.91 -66.542 -43.649 -69.582 -43.66 -44.707 -50.188 -27.161 -5.1 -25.112 29.853 -39.042 -30.269 -27.134 -31.001 -5.002 -33.001 -12.781 6.638 24.195 6.026 10000 
978.0
-69.385 -45.379 -21.627 0.684 3.803 29.929 -2.898 -20.473 -27.42 -1.772 25.4 39.96 37.318 49.93 -1000 
-115.0
-69.385 10000 
998.0
-90.499 -105.96 -85.022 -86.093 -61.111 -65.58 -41.51 -1000 
-108.0
-90.499 -67.582 -43.702 -20.381 -21.157 -23.576 -5.959 14.283 44.074 -0.825 10.669 -24.663 -55.565 -59.172 -82.995 -60.579 -40.005 -57.88 -42.005 -28.489 -7.68 9.164 -3.828 -0.52 -1000 
-125.0
-90.499 -91.574 -94.642 -104.068 -115.385 -129.707 -145.969 -128.203 10000 
991.0
-90.499 -91.589 -95.288 -71.358 -79.003 -44.628 -49.182 -25.909 -40.375 -27.909 -42.375 -61.047 -1000 
-113.0
-90.499 -67.582 -43.702 -20.381 3.803 51.808 20.777 25.64 25.723 39.365 -6.804 -24.674 -7.983 13.099 6.447 -1.609 2.197 34.995 -30.903 -61.989 -62.413 -67.686 10000 
977.0
-92.231 -70.081 -76.715 -72.081 -97.685 -111.322 -107.968 -108.069 -1000 
-109.0
-106.322 -103.279 -84.112 -58.233 -62.98 -60.233 -88.112 -60.753 -38.139 -63.66 -41.61 -40.334 -43.61 -42.334 -1000 
-115.0
-73.746 -70.081 -48.252 -43.73 -21.287 0.793 3.971 16.457 14.075 -7.015 4.154 -29.306 -33.629 -63.523 -57.826 -83.542 -68.911 -1000 
-118.0
-92.231 -70.081 -47.142 -42.467 -48.172 -24.809 -20.505 1.635 7.358 -4.502 -1000 
-111.0
-92.231 -107.322 -85.038 -62.997 -58.989 -64.997 -43.345 -22.81 -15.478 -14.149 9.29 31.654 54.252 25.819 24.689 0.211 -10.246 -25.557 0.283 -66.278 -41.48 -66.788 -1000 
-123.0
-92.231 -68.98 -75.411 -64.089 -69.431 -1000 
-106.0
-1000 
-101.0
-73.746 -52.642 -32.34 -26.956 -50.252 -45.73 -23.287 -43.656 -72.357 -48.258 -24.377 -2.365 20.029 23.394 48.379 16.363 -6.156 -13.228 -2.561 -2.801 -14.493 -0.824 -48.505 -36.309 6.987 8.875 -76.074 -28.411 -39.355 -17.233 -4.724 -4.5 -29.557 -30.557 5.421 -29.546 -1000 
-137.0
-92.231 -89.022 -76.395 -65.726 -42.308 -1000 
-106.0
-1000 
-101.0
-72.347 -49.927 -45.43 -40.69 -47.259 -24.653 -32.475 -25.429 -21.046 1.062 -3.314 -1000 
-112.0
-1000 
-101.0
-92.231 -89.022 -75.411 -40.69 -39.11 -42.787 -20.377 3.051 24.67 41.694 53.793 37.896 32.671 19.189 -1000 
-115.0
-99.377 -78.008 -73.367 -1000 
-104.0
-93.564 -1000 
-102.0
-93.564 -98.619 -76.968 -55.796 -51.501 -30.127 -8.377 9.674 20.342 24.109 6.692 -9.131 10.075 -11.131 -0.776 -31.615 -10.015 -15.253 6.292 10000 
980.0
-73.566 -51.071 -46.504 -42.653 -16.8 4.743 32.969 45.074 46.602 53.44 35.14 -1000 
-112.0
-107.132 -107.152 -107.957 -113.332 -96.483 -82.205 -67.982 -58.0 -45.226 -28.47 -23.501 5.5 27.5 11.082 43.448 32.421 50.907 14.279 9.461 32.94 13.787 -16.33 -1000 
-123.0
-91.144 -92.854 -97.529 -73.802 -49.91 -1000 
-106.0
-107.132 -106.633 -107.828 -87.405 -62.482 -68.963 -1000 
-107.0
-91.144 -68.168 -44.202 -45.545 -22.679 0.594 -1000 
-107.0
-91.665 -92.887 -79.157 -76.06 -81.231 -49.188 -24.867 -33.647 -47.407 -69.365 -90.804 -114.989 -96.677 10000 
986.0
-91.144 -1000 
-102.0
-67.937 -45.217 -21.164 -19.258 -1000 
-105.0
-67.937 -1000 
-102.0
-107.132 -86.284 -63.504 -39.336 -38.217 -13.78 -15.46 -24.598 -4.042 -27.843 -15.336 10000 
988.0
-1000 
-101.0
-91.665 -67.668 -78.233 -44.205 -19.895 4.277 28.556 6.163 37.676 24.161 18.498 16.648 -57.677 -84.041 -1000 
-115.0
-91.665 -107.152 -107.957 -113.332 -92.482 -103.646 -83.148 -61.822 -82.158 -102.609 -118.126 -101.91 -86.158 -103.804 -1000 
-115.0
-91.665 -68.692 -79.231 -76.06 -88.237 -68.261 -87.584 -1000 
-108.0
-107.132 -84.796 -84.175 -87.65 -60.987 -1000 
-106.0
-91.144 -92.887 -97.529 -73.802 -85.562 -99.209 -118.254 -102.04 -125.701 -149.352 -160.123 -138.189 -153.774 -172.735 -193.002 -174.735 -157.985 -178.26 -189.088 -167.21 -144.185 -135.885 -135.352 -136.352 -137.352 -161.541 -187.772 -188.772 10000 
971.0
-1000 
-101.0
-91.665 -68.692 -71.423 -70.555 -81.353 -49.249 -55.885 -71.578 -88.932 -110.212 -131.801 -119.193 -100.972 -110.542 -90.184 -68.141 -48.518 -66.818 -85.103 -105.485 -93.502 -107.485 -89.103 -72.144 -94.924 -83.743 -112.923 -85.743 -78.068 -74.236 -74.946 -80.64 -90.966 -90.053 -89.504 -90.593 -64.641 -65.641 -66.641 -32.748 -33.748 -34.748 10000 
957.0
-69.423 -68.168 -79.157 -47.039 -52.76 -31.197 -10.442 9.837 -13.595 -3.527 20.912 23.522 17.376 -23.924 -14.945 0.942 25.208 21.079 24.01 9.751 22.01 44.072 26.697 22.905 19.328 23.239 -33.176 2.794 -7.363 -35.786 -39.776 -35.726 -29.971 -43.121 -72.708 -76.204 10000 
963.0
-67.937 -1000 
-102.0
-107.132 -106.633 -83.653 -59.181 -36.221 -11.786 11.103 18.647 32.731 53.737 22.283 13.189 17.088 -5.107 -32.306 -39.098 -14.631 -22.172 -38.173 -61.659 -85.75 -75.426 -69.311 -94.266 10000 
975.0
-69.423 -45.217 -21.164 1.619 24.639 27.47 23.746 26.325 40.077 27.262 -29.412 -19.967 3.735 5.399 -5.45 10000 
984.0
-63.461 -40.577 -37.221 -33.895 -11.145 -36.825 -13.145 9.901 32.725 3.885 6.787 -5.384 4.787 -7.624 -28.404 -54.889 -45.634 -59.763 -36.603 24.205 -30.499 -13.8 -3.558 -1000 
-124.0
-63.461 -60.371 -38.04 -35.322 -12.547 12.012 10000 
993.0
-89.081 -67.399 -63.383 -60.896 -59.575 -62.793 -38.446 -48.301 -65.033 -85.642 -105.317 -91.763 -79.131 -76.963 -69.826 -57.458 -28.389 -4.155 14.093 -143.035 12.093 -186.03 6.478 -15.781 -21.061 -12.455 -36.847 -63.049 -69.96 -95.331 -96.331 -122.033 -145.982 -173.001 -174.001 -175.001 -149.982 -1000 
-138.0
-82.798 -60.371 -38.18 -15.001 -11.065 12.988 41.952 -1000 
-108.0
-97.854 -74.442 -1000 
-103.0
-1000 
-101.0
-1000 
-101.0
-74.41 -51.362 -27.826 -24.555 -1.722 -3.597 -3.722 17.608 35.854 24.975 29.971 20.566 27.971 18.566 25.971 37.458 26.224 34.143 22.487 40.188 29.589 38.765 27.589 8.154 -1000 
-125.0
-90.756 -91.027 -106.017 -109.607 -108.017 -87.007 -88.067 -64.565 -75.322 -53.167 -1000 
-111.0
-67.891 -1000 
-102.0
-69.362 -67.88 -44.062 -20.831 -20.533 -25.328 -22.533 -24.831 -1000 
-109.0
-67.891 -43.997 -21.85 -1000 
-104.0
-106.777 -84.607 -60.591 -1000 
-104.0
-69.362 -45.454 -44.062 -43.526 -47.483 -25.328 -22.521 0.972 24.957 3.483 22.957 46.976 29.02 38.926 61.838 -44.292 16.791 2.831 6.998 14.812 26.19 13.635 25.855 53.938 20.467 47.036 24.013 5.139 -14.462 -1000 
-130.0
-69.362 -1000 
-102.0
-69.362 -46.913 -24.721 -1.157 1.732 2.956 -3.253 16.114 32.399 -1000 
-110.0
-144.323 -126.12 -125.327 -95.402 -109.966 -97.402 -80.933 -61.743 -48.224 -38.915 -17.122 -1000 
-112.0
-133.888 -126.12 -107.966 -1000 
-104.0
-144.323 -1000 
-102.0
-144.323 -126.12 -109.035 -96.572 -127.327 -102.653 -124.409 -105.89 10000 
991.0
-145.553 -136.292 -122.616 -1000 
-104.0
-133.888 -126.12 -126.161 -96.346 -78.444 -58.118 -40.557 -24.8 16.5 12.98 30.151 47.185 57.075 22.168 8.42 3.123 20.394 10000 
982.0
-132.766 -115.487 -100.914 -85.901 -78.101 -59.279 39.029 20.123 -52.217 34.205 -1000 
-111.0
-144.323 -126.12 -125.327 -96.572 -79.797 -65.106 -45.474 -22.826 -44.027 -24.826 -5.404 5.903 -4.767 3.903 28.72 45.099 41.361 19.653 18.76 -2.7 23.911 36.355 24.577 39.492 17.687 36.971 38.151 25.751 4.368 37.651 0.407 -2.936 -41.456 -11.871 -43.456 -44.895 -45.895 10000 
962.0
-68.094 -66.679 -77.0 -44.084 -49.805 -28.06 -42.841 -25.622 -10.555 -0.365 27.497 32.328 -20.201 -1000 
-114.0
-144.323 -135.002 -1000 
-103.0
-132.766 -139.882 -122.766 -114.952 -99.844 -79.968 -1000 
-107.0
-133.604 -148.65 -149.65 -1000 
-104.0
-151.122 -148.65 -142.112 -129.116 -1000 
-105.0
-147.65 -148.65 -128.364 -104.428 -82.716 -60.076 -84.716 -62.076 -56.68 -32.996 -11.052 33.7 33.981 31.269 -1000 
-115.0
-152.811 -146.009 -136.978 -126.515 -119.147 -91.452 -70.357 -1000 
-108.0
-138.964 -119.819 -119.098 -93.494 -82.348 -64.673 -47.084 -27.202 -13.399 8.6 -14.006 7.89 30.5 39.331 62.5 10000 
984.0
-138.964 -128.742 -115.824 -93.719 -121.098 10000 
994.0
-138.964 -119.819 -119.098 -90.193 -73.433 -52.8 -35.546 -20.37 -10.463 17.262 24.153 52.925 51.967 20.895 -1000 
-115.0
-153.27 -130.216 -107.551 -103.168 -81.733 -106.584 -131.832 -127.941 -104.016 -1000 
-110.0
-153.27 -131.622 -127.832 -104.584 -129.832 -126.242 -1000 
-107.0
-172.269 -150.035 -156.68 -172.657 -162.1 -147.226 -124.229 -149.226 -124.231 -113.085 -90.958 -78.467 -69.789 -45.142 -19.766 -12.585 -12.599 13.841 12.438 40.151 40.615 31.837 29.027 11.064 28.804 7.821 11.257 33.258 12.083 -13.941 -24.833 -6.802 5.215 -8.802 3.73 -21.882 -38.207 -52.311 -63.501 -89.001 -115.001 -1000 
-142.0
-153.27 -150.035 -146.88 -122.878 -1000 
-105.0
-172.269 -187.372 -184.316 -164.028 -137.984 -115.489 -91.201 -68.132 -63.629 -38.78 28.183 16.961 -21.772 22.034 19.12 18.599 42.282 14.123 -18.191 -16.697 5.4 -18.697 -28.716 -8.979 6.552 12.5 -19.528 -50.56 -80.061 -111.563 -113.022 -114.022 -115.022 -1000 
-134.0
-172.269 -150.035 -156.586 -123.941 -120.231 -106.932 -83.712 -72.265 -63.879 -37.221 -12.302 -39.221 -14.302 -31.228 -16.302 -7.568 -36.921 -36.184 -41.938 -16.271 9.422 -11.378 -2.114 -8.08 -32.444 -42.649 -22.604 -43.771 -67.115 -90.568 -106.554 -128.874 -143.957 -157.376 -181.302 -184.27 -206.488 -207.488 -213.43 -214.43 -215.43 -216.43 -217.43 -218.43 -219.43 -220.43 -206.41 -207.41 -223.43 -224.43 -225.43 -226.43 -1000 
-153.0
-1000 
-101.0
-172.269 -149.07 -125.111 -151.07 -157.986 -144.229 -121.232 -113.809 -128.54 -1000 
-110.0
-172.269 -1000 
-102.0
-172.269 -169.177 -159.202 -135.102 -113.651 -97.666 -84.115 -62.076 -46.874 -36.425 -13.239 -1000 
-112.0
-151.846 -148.939 -174.269 -152.035 -129.832 -106.584 -112.93 -91.68 -70.315 -51.4 -34.238 -20.2 -9.844 1.982 9.807 -1000 
-116.0
-153.27 -130.216 -126.876 -150.939 -128.876 -124.774 -100.902 -1000 
-108.0
-151.846 -148.939 -174.269 -152.035 -129.832 -1000 
-106.0
-172.269 -169.421 -155.986 -121.307 -117.71 -107.588 -94.387 -70.63 -45.993 -55.004 -29.672 -31.067 -36.935 -18.305 8.757 21.923 20.309 1.459 -21.421 -36.966 -49.001 -24.002 -29.5 -35.948 -15.45 -37.948 -38.948 -39.948 -62.716 -63.716 -90.421 -114.623 -1000 
-133.0
-1000 
-101.0
-1000 
-101.0
-1000 
-101.0
-69.967 -72.74 -49.58 -1000 
-104.0
-70.768 10000 
998.0
-95.259 -1000 
-102.0
-1000 
-101.0
-1000 
-101.0
-1000 
-101.0
-1000 
-101.0
-1000 
-101.0
-93.044 -96.259 -95.044 -93.106 10000 
995.0
-1000 
-101.0
-1000 
-101.0
-1000 
-101.0
-91.037 -68.125 -1000 
-103.0
-91.037 -92.074 -1000 
-103.0
-1000 
-101.0
-69.967 -47.44 -23.688 -1.364 20.797 38.532 45.981 58.417 -40.142 64.615 25.009 -8.015 5.663 12.351 24.8 29.323 56.735 -7.909 -10.544 -2.422 -3.422 -4.422 -5.422 -6.422 7.05 2.978 3.957 6.878 3.057 2.057 20.955 19.955 18.955 40.477 40.877 39.877 3.386 -60.001 -61.001 -13.339 -20.854 -47.786 -51.776 -52.776 -53.776 -54.776 -55.776 -56.776 -89.204 -118.689 -150.157 -125.184 -126.184 -98.697 -128.184 -100.697 -101.697 -102.697 -72.762 -44.329 -73.764 -46.329 -47.329 -20.99 8.979 -30.026 6.199 -35.762 4.735 -1000 
-170.0
-1000 
-101.0
-1000 
-101.0
-1000 
-101.0
-52.107 -77.432 -1000 
-103.0
-76.052 -1000 
-102.0
-1000 
-101.0
-1000 
-101.0
-91.119 -68.221 -45.362 -1000 
-104.0
-1000 
-101.0
-68.679 -46.197 -44.369 -21.089 1.554 -1000 
-106.0
-1000 
-101.0
-1000 
-101.0
-95.468 -94.251 -70.055 -1000 
-104.0
-1000 
-101.0
-1000 
-101.0
-91.66 -107.109 -1000 
-103.0
-105.57 -1000 
-102.0
-1000 
-101.0
-1000 
-101.0
-1000 
-101.0
-85.895 -1000 
-102.0
-1000 
-101.0
-70.152 -1000 
-102.0
-91.119 -67.226 -67.043 -93.036 -68.043 -45.051 -20.565 3.91 -1.75 -25.818 -3.498 18.0 39.027 -1000 
-114.0
-71.987 -50.86 -1000 
-103.0
-71.987 -49.5 -27.957 -9.276 7.5 16.72 27.787 44.391 49.068 27.736 32.118 15.892 19.461 40.539 34.073 29.776 17.986 13.418 12.418 11.418 10.418 9.418 32.485 29.373 39.76 15.19 16.582 -55.529 -69.479 -38.041 -44.227 -45.227 -46.227 -78.17 -79.17 -80.17 -81.17 -82.17 -83.17 -53.227 -54.227 -55.227 -82.677 -83.677 -117.661 -118.661 -119.661 -120.661 -121.661 -122.661 -150.137 -151.137 -152.137 -1000 
-154.0
-1000 
-101.0
-71.987 -1000 
-102.0
-1000 
-101.0
-1000 
-101.0
-1000 
-101.0
-1000 
-101.0
-1000 
-101.0
-82.798 -1000 
-102.0
-1000 
-101.0
-82.798 -1000 
-102.0
-82.798 -79.446 -62.238 10000 
996.0
-1000 
-101.0
-63.461 -60.371 10000 
997.0
-1000 
-101.0
-1000 
-101.0
-1000 
-101.0
-82.798 -87.382 -1000 
-103.0
-1000 
-101.0
-99.883 -1000 
-102.0
-97.026 -74.503 -75.566 -91.601 -77.566 -50.236 -25.43 -1.255 25.765 43.761 60.938 35.27 31.868 24.563 24.773 13.96 15.785 26.44 7.463 28.899 10000 
979.0
-62.041 10000 
998.0
-63.461 -40.577 -1000 
-103.0
-1000 
-101.0
-82.798 -60.371 -1000 
-103.0
-1000 
-101.0
-82.798 -60.371 -38.18 -1000 
-104.0
-63.461 -41.964 -1000 
-103.0
-1000 
-101.0
-62.041 -1000 
-102.0
-63.461 -1000 
-102.0
-1000 
-101.0
-1000 
-101.0
-1000 
-101.0
-1000 
-101.0
-1000 
-101.0
-82.798 -1000 
-102.0
-1000 
-101.0
-1000 
-101.0
-1000 
-101.0
-1000 
-101.0
-63.461 -60.371 -58.227 -33.895 -1000 
-105.0
-1000 
-101.0
-63.461 -1000 
-102.0
-63.461 -60.371 -1000 
-103.0
-63.461 -1000 
-102.0
-1000 
-101.0
-62.041 -40.577 -19.853 1.097 -1000 
-105.0
-1000 
-101.0
-63.461 -1000 
-102.0
-1000 
-101.0
-82.798 -1000 
-102.0
-91.037 -94.053 -69.91 10000 
996.0
-1000 
-101.0
-67.91 -1000 
-102.0
-91.037 -1000 
-102.0
-1000 
-101.0
-67.91 -93.065 -1000 
-103.0
-67.91 -67.084 -1000 
-103.0
-1000 
-101.0
-1000 
-101.0
-67.91 -67.084 -42.211 -1000 
-104.0
-69.385 -1000 
-102.0
-1000 
-101.0
-91.037 -1000 
-102.0
-94.667 -1000 
-102.0
-108.393 -107.371 -106.615 -84.132 -87.577 -86.132 -61.657 -38.691 -1000 
-109.0
-67.91 -1000 
-102.0
-1000 
-101.0
-1000 
-101.0
-90.499 -105.96 -106.568 10000 
996.0
-1000 
-101.0
-1000 
-101.0
-105.495 -1000 
-102.0
-105.495 -1000 
-102.0
-104.96 -105.568 -1000 
-103.0
-99.02 -1000 
-102.0
-94.99 -91.446 -1000 
-103.0
-91.988 -1000 
-102.0
-91.988 -66.78 -44.923 -20.872 0.944 19.143 39.059 -1000 
-108.0
-64.529 -46.26 -28.926 -15.107 -6.739 -5.657 -11.624 -24.387 -20.702 -3.051 9.299 20.587 34.778 54.989 27.274 10000 
984.0
-64.529 -1000 
-102.0
-64.529 -45.111 -37.737 -28.874 -7.947 10.262 22.204 38.635 49.923 31.921 29.339 27.503 27.592 26.882 23.536 31.612 19.823 9.076 8.076 7.076 6.076 5.076 29.098 30.875 10000 
975.0
-74.285 -57.411 -41.811 -31.873 -18.469 -2.271 -17.139 -4.305 -28.612 -1000 
-110.0
-98.812 -92.459 -100.812 -101.812 -102.812 -103.812 -97.459 -105.812 -97.699 -1000 
-110.0
-86.342 -78.062 -86.613 -96.651 -102.812 -103.812 -104.812 -105.812 -106.812 -107.812 -1000 
-111.0
-91.729 -99.812 -100.812 -1000 
-104.0
-98.812 -99.812 -1000 
-103.0
-1000 
-101.0
-98.812 -99.812 -100.812 -101.812 -102.812 -96.729 -76.934 -70.004 -78.934 -87.995 -78.801 -89.995 -72.558 -58.134 -47.439 -42.448 -1000 
-117.0
-91.459 -1000 
-102.0
-73.118 -1000 
-102.0
-1000 
-101.0
-1000 
-101.0
-1000 
-101.0
-86.342 -1000 
-102.0
-73.118 -65.98 10000 
997.0
-74.285 -1000 
-102.0
-1000 
-101.0
-86.342 -67.086 10000 
997.0
-69.567 -1000 
-102.0
-1000 
-101.0
-69.567 -1000 
-102.0
-1000 
-101.0
-1000 
-101.0
-69.567 -1000 
-102.0
-69.567 -45.598 -43.814 -20.521 2.142 2.359 24.79 -0.708 21.296 50.088 43.13 28.449 10.695 4.679 24.364 36.486 35.215 36.995 24.38 33.121 23.486 -1.609 -35.861 -62.871 -88.74 -115.495 -140.449 -174.087 -11.326 -191.174 -192.174 -193.174 -1000 
-133.0
-90.579 -67.674 -78.0 -72.598 -82.636 -63.588 -46.71 -27.415 -14.154 -38.157 -34.078 -1000 
-112.0
-68.094 -44.136 -41.77 -42.652 -47.891 -26.191 -41.621 -33.562 -9.808 3.088 7.949 33.941 63.192 41.419 15.268 -9.246 -0.348 -0.018 -2.151 -3.151 -14.833 -16.903 -34.924 -1000 
-124.0
-1000 
-101.0
-69.567 -45.598 -43.757 -44.15 -19.69 4.74 -3.538 -24.884 -1000 
-109.0
-69.567 -45.598 -21.9 1.257 23.113 41.133 44.496 39.133 48.977 52.049 26.736 11.024 -23.919 -5.002 0.992 10000 
984.0
-90.499 -91.589 -95.897 -101.598 -97.897 -103.598 -85.796 -65.058 -50.496 -30.206 -17.465 -1000 
-112.0
-90.499 -105.96 -83.029 -86.503 -88.136 -98.931 -113.878 -127.62 -109.112 -1000 
-110.0
-90.499 -1000 
-102.0
-90.499 -91.589 -95.897 -105.24 -120.226 -133.148 10000 
993.0
-104.96 -105.568 -85.093 -87.783 -97.605 -110.257 -90.359 -72.309 -91.733 -110.336 -1000 
-111.0
-90.499 -1000 
-102.0
-90.499 -91.589 -95.897 10000 
996.0
-67.91 -45.379 -43.702 -44.126 -50.097 -61.118 -76.41 -97.729 -1000 
-109.0
-90.499 -91.644 -95.897 -105.24 -83.796 -99.514 -1000 
-107.0
-90.499 -91.644 -95.897 -103.778 -119.569 -107.24 -121.062 10000 
992.0
-90.499 -91.644 -106.633 -111.095 -118.869 -133.623 -146.523 -144.134 10000 
991.0
-104.96 -85.518 -86.592 -61.61 -66.036 -42.424 -54.696 -34.4 -56.517 -82.828 -107.06 24.434 -72.181 -1000 
-114.0
-73.388 -77.604 -56.088 -34.808 -1000 
-105.0
-94.845 -91.446 -106.183 -107.183 -105.469 -109.183 -114.431 -119.179 -99.562 -95.322 -101.562 -102.562 -99.351 -1000 
-114.0
-1000 
-101.0
-91.988 -89.451 -88.745 -92.501 -100.684 10000 
994.0
-91.988 -68.701 -46.811 -42.29 -19.744 -18.489 -25.047 -41.6 -63.908 -49.417 -73.661 -1000 
-112.0
-91.988 -80.749 -62.213 -43.553 -28.011 -15.506 10.276 33.315 18.026 41.982 -37.753 -27.138 1.309 -9.42 -28.692 -11.42 10000 
983.0
-82.276 -1000 
-102.0
-71.987 -66.17 -52.758 -37.004 -17.634 -0.547 8.671 4.291 -1000 
-109.0
-109.404 -107.098 -104.401 -104.225 -82.757 -87.187 -99.514 -1000 
-108.0
-91.988 -68.701 -75.815 -64.129 -41.155 -18.195 6.728 -2.609 -20.228 -44.285 -1000 
-111.0
-91.988 -89.261 -88.745 -94.027 -71.455 -1000 
-106.0
-91.988 -1000 
-102.0
-91.988 -1000 
-102.0
-91.988 -1000 
-102.0
-1000 
-101.0
-91.988 -68.701 -44.923 -40.813 -39.395 -47.84 -24.944 10000 
992.0
-92.959 -92.012 -79.501 -46.193 -41.388 -47.13 -1000 
-107.0
-91.988 -89.261 -88.745 -64.322 -70.74 -81.857 -1000 
-107.0
-71.987 -68.701 -44.923 -41.085 -39.395 -15.008 -23.629 -47.098 -61.456 -39.636 -62.949 -49.048 -39.42 -26.159 -1.417 21.067 43.169 26.275 24.473 8.304 19.573 18.678 -43.106 -44.106 -1000 
-125.0
-91.988 -89.451 -1000 
-103.0
-91.988 -88.973 -88.772 -94.027 -103.511 -118.383 -111.579 -120.938 -134.283 -131.911 -120.421 -92.756 -71.761 -51.484 -36.125 -15.981 0.54 22.122 38.191 33.685 39.758 15.336 -0.682 -7.366 -8.366 -26.859 -27.859 -28.859 -52.53 -53.53 -54.53 -78.832 -101.945 -102.945 -103.945 -104.945 -129.39 -130.39 -131.39 -132.39 -133.39 -134.39 -135.39 -136.39 -161.093 -162.093 -163.093 -189.926 -190.926 -191.926 -192.926 -193.926 -194.926 -195.926 -172.551 -173.551 -174.551 -175.551 -176.551 -177.551 -178.551 -179.551 -180.551 -181.551 -182.551 -206.46 -207.46 -208.46 -235.427 -210.46 -237.918 -238.918 -239.918 -240.918 -241.918 -251.763 -252.763 -253.763 -254.763 -255.763 -256.763 -257.763 -258.763 -259.763 -260.763 -261.763 -262.763 -263.763 -264.763 -265.763 -263.052 -267.672 -268.672 -269.763 -270.763 -271.763 -272.763 -273.763 -274.763 -275.763 -276.763 -277.763 -278.763 -279.763 -280.763 -281.763 -282.763 -283.763 -284.763 -285.763 -286.763 -1000 
-212.0
-109.404 -107.098 -108.098 -105.401 -105.1 -109.173 -119.752 -130.414 -135.93 -109.287 -90.456 -75.618 -62.33 -39.614 -16.8 -0.771 21.66 37.834 19.66 24.585 12.989 -0.009 -1.009 -1000 
-124.0
-73.388 -69.801 -76.8 -65.786 -70.648 -67.627 -72.648 -85.201 -97.495 -115.607 -130.405 -105.899 -81.332 -62.182 -83.332 -70.411 -48.456 -35.089 -9.36 2.587 25.575 38.302 26.892 5.671 4.671 3.671 2.671 1.671 0.671 -0.329 -1.329 -1000 
-132.0
-91.988 -68.701 -44.923 -23.605 -2.435 5.367 7.804 -0.823 -21.674 -7.897 -33.318 -25.162 -31.082 -45.787 -28.039 -52.829 -54.069 -38.4 -25.015 -22.342 -28.957 -37.575 -60.585 -61.585 -62.585 -86.423 -87.423 -1000 
-128.0
-90.579 -91.56 -95.688 -103.424 -86.909 -70.941 -60.81 -38.136 -14.418 5.998 17.614 46.71 32.689 46.34 25.987 -8.528 -26.568 22.955 18.653 4.139 3.139 2.139 -17.359 -41.17 -42.17 -35.847 -60.563 -67.541 -68.541 -69.541 -70.541 -71.541 -72.541 -1000 
-134.0
-91.119 -91.56 -95.688 -1000 
-104.0
-90.579 -66.679 -77.0 -71.826 -81.72 -73.826 -85.371 -65.158 -85.065 -99.388 -86.927 -87.927 -80.963 -81.963 -82.963 -83.963 -84.963 -85.963 -64.873 -87.963 -88.963 -97.927 -90.963 -69.873 -46.854 -39.086 -15.09 -15.783 3.353 -15.751 -12.551 -35.744 -62.673 23.5 -125.66 -10.966 -18.394 -19.394 -20.394 -21.394 -22.394 -44.088 -45.088 -46.088 -47.088 -48.088 -49.088 -72.083 -73.083 -74.083 -75.083 -76.083 -77.083 -78.083 -79.083 -104.558 -129.569 -130.569 -131.569 -132.569 -133.569 -134.569 -135.569 -113.988 -114.988 -140.019 -141.019 -142.019 -120.42 -121.42 -122.42 -123.42 -124.42 -149.471 -174.293 -1000 
-176.0
-68.094 -67.177 -44.311 -44.084 -48.841 -26.879 -40.298 -40.624 -16.07 -4.071 20.274 35.902 61.5 51.779 20.929 -0.502 -43.019 -7.646 -0.002 -5.837 -14.092 -15.092 -16.092 -17.092 -1000 
-125.0
-68.094 -66.679 -77.0 -71.134 -81.52 -68.535 -1000 
-107.0
-91.119 -91.56 -95.688 -110.902 -115.686 -98.422 -78.203 -66.118 -54.873 -49.838 -26.425 -29.628 -6.051 -18.919 -1.274 2.926 28.37 58.838 30.933 19.95 18.95 17.95 16.95 15.95 14.95 13.95 12.95 6.349 -10.778 -32.765 -33.765 -34.765 -35.765 -36.765 -37.765 -38.765 -39.765 -40.765 -41.765 -64.734 -88.284 -89.284 -90.284 -91.284 -1000 
-145.0
-91.119 -91.56 -95.688 -103.424 -81.883 -70.475 -60.042 -1000 
-108.0
-90.857 -91.713 -95.792 -71.947 -82.995 -63.809 -46.71 -27.415 -13.772 7.231 24.793 5.231 22.793 3.141 3.795 31.685 23.725 6.197 6.096 21.731 25.052 8.118 -0.775 -7.325 16.529 -8.843 -39.574 -66.584 -98.229 -121.293 -128.035 -161.619 -188.012 -189.683 -216.171 -218.489 -219.489 -220.489 -221.489 -222.489 -223.489 -1000 
-142.0
-91.119 -94.21 -96.874 -95.617 -94.666 -96.796 -96.666 10000 
992.0
-68.094 -67.177 -44.311 -44.084 -49.805 -60.648 -53.191 -71.263 -52.713 -73.263 -58.461 -37.377 -20.07 -7.665 17.5 34.432 -1000 
-117.0
-91.119 -91.606 -95.688 -101.286 -84.55 -65.933 -48.644 -28.342 -10.947 7.722 16.76 37.077 62.699 36.0 9.98 -10.547 -22.165 -8.677 -2.697 -9.08 -34.2 -38.501 -39.501 -40.501 -64.78 -65.78 -90.466 -116.366 -117.366 -118.366 -142.454 -143.454 -144.454 -169.618 -170.618 -171.618 -198.336 -199.336 -217.678 -218.678 -219.678 -210.99 -221.678 -222.678 -223.678 -224.678 -225.678 -226.678 -227.678 -230.662 -231.662 -232.662 -233.662 -234.662 -235.662 -236.662 -237.662 -238.662 -239.662 -240.662 -241.662 -242.662 -243.662 -228.803 -229.803 -230.803 -231.803 -232.803 -233.803 -250.662 -251.662 -252.662 -253.662 -254.662 -255.662 -256.662 -257.662 -258.662 -259.662 -260.662 -261.662 -262.662 -263.662 -264.662 -1000 
-185.0
-91.119 -91.56 -95.688 -73.282 -84.277 -66.029 -49.623 -71.793 -50.764 -39.258 -34.147 -37.119 -46.61 -24.847 -11.737 -67.244 26.654 23.087 12.562 11.562 10.562 9.562 8.562 20.698 18.037 17.037 16.037 15.037 14.037 13.037 12.037 11.037 10.037 9.037 -6.74 -27.149 -49.76 -50.76 -51.76 -52.76 -53.76 -79.382 -80.382 -81.382 -105.065 -106.065 -107.065 -108.065 -109.065 -110.065 -111.065 -136.938 -137.938 -162.501 -187.655 -188.655 -189.655 -215.871 -216.871 -217.871 -218.871 -219.871 -220.871 -221.871 -222.871 -223.871 -244.191 -245.191 -249.662 -250.662 -251.662 -252.662 -253.662 -254.662 -244.624 -218.827 -1000 
-177.0
-107.044 -106.57 -106.598 -110.902 -117.802 -101.856 -87.366 -77.934 -73.957 -52.091 -1000 
-111.0
-91.119 -91.56 -95.688 -102.987 -84.55 -97.992 -84.896 -76.797 -54.141 -30.48 -7.709 -26.108 -9.709 10.239 -1000 
-115.0
-91.119 -91.606 -95.688 -73.282 -99.157 -75.282 -87.345 -101.209 -82.138 -64.035 -87.822 -102.139 -84.695 -59.867 -59.697 29.985 -2.058 -10.002 -33.868 18.754 13.39 -7.805 -1.577 -8.475 -14.543 -15.543 -7.31 -17.543 -18.543 -19.543 -20.543 -21.543 -22.543 -23.543 -24.543 -25.543 -26.543 -27.543 -28.543 -52.577 -53.577 -54.577 -55.577 -56.577 -57.577 -81.587 -82.587 -83.587 -84.587 -85.587 -86.587 -1000 
-152.0
-91.119 -91.56 -95.688 -103.424 -119.062 -132.228 -135.184 -126.445 -1000 
-109.0
-91.119 -91.606 -95.688 -105.808 -118.559 -98.381 -80.138 -101.018 -115.631 -87.084 -96.811 -1000 
-112.0
-69.567 -68.221 -78.007 -73.282 -84.277 -99.209 -80.138 -101.018 -1000 
-109.0
-91.119 -91.606 -95.688 -104.867 -83.371 -62.565 -41.621 -60.237 -85.822 -99.007 -76.421 -52.54 -30.894 -9.308 11.044 28.772 33.483 15.326 -0.972 -20.276 -11.847 -28.013 -60.527 -90.021 -115.518 -149.493 -181.12 -199.756 -202.498 -205.974 -206.974 -207.974 -208.974 -209.974 -210.974 -211.974 -212.974 -213.974 -214.974 -215.974 -1000 
-141.0
-91.119 -91.606 -95.688 -105.808 -118.559 -135.805 -118.254 -101.209 -120.254 -139.805 -134.741 -125.78 -99.436 -76.829 -49.504 -30.431 -11.942 -6.066 -11.35 -15.619 -16.619 -17.619 -1000 
-123.0
-91.119 -94.21 -93.119 -93.606 -97.688 -105.424 -121.062 -137.805 -136.738 -107.868 -86.7 -1000 
-112.0
-68.094 -67.177 -77.0 -71.134 -81.72 -98.946 -117.507 -125.449 -119.507 -123.706 -96.811 -88.522 -84.514 -27.501 -86.514 -61.724 -61.825 31.3 -4.62 20.222 48.692 22.872 20.118 5.069 17.5 3.088 2.088 1.088 -18.543 -19.543 -43.577 -44.577 -45.577 -46.577 -47.577 -48.577 -49.577 -50.577 -51.577 -74.635 -75.635 -76.635 -77.635 -78.635 -79.635 -80.635 -81.635 -1000 
-148.0
-69.567 -45.598 -1000 
-103.0
-90.579 -91.56 -78.0 -70.221 -80.013 -75.282 -84.636 -101.771 -116.323 -127.978 -101.985 -74.829 -65.726 -40.689 -13.907 5.534 18.898 16.599 4.92 3.92 -1000 
-121.0
-72.633 -68.514 -64.466 -42.158 -41.887 -1000 
-106.0
-92.594 -69.46 -74.633 -71.32 -78.395 -45.144 -43.63 -49.13 -64.577 -78.529 -99.045 -84.411 -84.793 18.878 -28.708 -57.926 -64.598 -39.237 -32.708 -2.964 21.664 44.99 30.387 14.86 13.86 12.86 11.86 10.86 31.0 -1000 
-130.0
-92.594 -90.013 -1000 
-103.0
-92.594 -69.32 -76.138 -64.788 -71.083 -82.529 -1000 
-107.0
-72.633 -69.32 -76.395 -64.757 -69.68 -79.066 -58.565 -80.021 -99.995 -124.428 -141.507 -155.726 -143.507 -121.677 -140.502 -121.652 -139.697 -166.005 -152.802 -178.0 -206.543 -214.621 -205.961 -199.759 -200.759 -201.759 -198.023 -199.023 -197.629 -199.015 -202.779 -209.244 -210.244 -218.81 -225.36 -220.466 -1000 
-137.0
-92.594 -89.819 -89.217 -93.779 -71.083 -82.078 -98.234 -115.545 -137.699 -162.917 -178.449 -192.192 -1000 
-113.0
-72.633 -69.32 -76.395 -64.757 -41.847 -48.703 -62.577 -41.704 -63.871 -83.533 -100.071 -119.487 -139.202 -151.187 -152.187 -153.187 -154.187 -155.187 -141.623 -142.623 -123.303 -140.349 -123.084 -106.373 -129.614 -114.269 -92.885 -108.17 -126.514 -144.901 -169.802 -156.432 -188.236 -178.434 -171.855 -167.93 -191.692 -208.552 -207.585 -209.264 -213.631 -191.456 -198.342 -208.821 -231.761 -232.761 -233.761 -234.761 -227.307 -237.31 -241.36 -242.36 -243.36 -244.36 -245.36 -246.36 -247.36 -248.36 -249.36 -250.36 -251.36 -252.36 -1000 
-163.0
-72.633 -69.46 -65.37 -64.608 -69.68 -79.066 -94.8 -74.986 -95.689 -120.016 -107.006 -119.677 -135.68 -155.279 -174.471 -201.836 -188.285 -176.0 -202.73 -191.181 -184.385 -180.366 -179.136 -192.629 -193.629 -194.629 -196.015 -196.682 -197.682 -198.682 -199.682 -200.682 -201.952 -205.779 -211.609 -208.024 -209.024 -215.504 -223.81 -230.36 -231.36 -232.36 -233.36 -234.36 -235.36 -236.36 -237.36 -231.789 -232.789 -240.36 -241.36 -242.36 -243.36 -244.36 -245.36 -246.36 -247.36 -248.36 -249.36 -250.36 -251.36 -252.36 -253.36 -254.36 -255.36 -256.36 -257.36 -258.36 -259.36 -260.36 -261.36 -262.36 -263.36 -264.36 -265.36 -266.36 -267.36 -268.36 -269.36 -270.36 -264.789 -271.968 -272.968 -273.968 -252.841 -1000 
-186.0
-92.594 -90.013 -89.091 -92.501 -104.168 -118.083 -99.047 -116.651 -138.69 -163.805 -179.508 -158.638 -173.446 -196.398 -217.861 -1000 
-116.0
-92.594 -90.013 -89.091 -92.501 -104.168 -118.083 -134.03 -154.314 -174.109 -199.674 -212.539 -231.405 -213.603 -233.47 -256.351 -241.13 -227.525 -214.972 -203.917 -192.555 -203.474 -213.612 -214.612 -215.612 -216.612 -229.004 -230.004 -219.154 -210.995 -189.821 -183.231 -179.554 -178.142 -181.554 -180.222 -151.256 -117.911 -88.055 -119.911 -90.055 -121.911 -92.055 -123.911 -94.055 -125.911 -96.055 -127.911 -94.072 -123.927 -96.072 -131.911 -161.291 -133.911 -135.026 -170.502 -201.467 -172.502 -139.026 -111.544 -141.524 -113.544 -143.026 -115.544 -145.026 -117.544 -147.026 -176.518 -180.982 -188.865 -198.907 -207.696 -208.696 -209.696 -242.266 -243.266 -244.266 -245.266 -246.266 -220.948 -190.095 -191.095 -192.095 -193.095 -194.095 -195.095 -196.095 -197.095 -198.095 -199.095 -200.095 -201.095 -202.095 -203.095 -204.095 -205.095 -179.093 -207.095 -208.095 -209.095 -210.095 -211.095 -243.948 -213.095 -214.095 -215.095 -216.095 -217.095 -218.095 -219.095 -220.095 -1000 
-211.0
-92.594 -107.697 -104.959 -104.7 -109.391 -118.666 -99.355 -76.971 -93.409 -76.455 -59.375 -46.612 -37.403 -46.162 -58.916 -74.472 -95.213 -1000 
-118.0
-72.633 -69.46 -61.925 -42.258 -25.48 -14.041 -14.878 -23.48 -40.72 -60.484 -39.541 -62.484 -1000 
-113.0
-90.918 -78.349 -59.595 -46.509 -39.14 -37.904 -15.014 -22.937 -38.72 -61.466 -84.379 -111.413 -136.593 -170.137 -138.593 -172.137 -201.842 -174.137 -142.593 -176.137 -144.593 -116.397 -146.593 -118.397 -148.593 -120.397 -150.593 -122.397 -152.593 -186.137 -201.808 -181.614 -203.808 -190.137 -205.808 -185.614 -160.593 -173.232 -147.511 -128.625 -103.829 -130.625 -112.108 -132.625 -117.965 -135.193 -170.593 -162.18 -190.502 -185.959 -184.632 -185.802 -190.497 -186.223 -181.127 -178.556 -179.2 -182.598 -189.024 -197.735 -207.518 -210.123 -211.123 -212.123 -213.123 -214.123 -236.171 -237.171 -238.171 -239.171 -240.171 -241.171 -263.36 -264.36 -265.36 -244.719 -218.948 -188.095 -182.042 -158.367 -184.042 -158.29 -186.042 -160.29 -188.042 -196.095 -168.594 -198.095 -199.095 -200.095 -201.095 -202.095 -203.095 -175.594 -176.594 -177.594 -178.594 -179.594 -180.594 -181.594 -182.594 -183.594 -184.594 -214.095 -186.594 -187.594 -188.594 -189.594 -190.594 -191.594 -192.594 -193.594 -223.095 -195.594 -169.113 -197.594 -171.113 -201.093 -229.095 -203.093 -231.095 -263.948 -233.095 -209.092 -235.095 -209.093 -237.095 -209.594 -239.095 -240.095 -210.095 -181.097 -208.098 -183.097 -210.098 -185.097 -216.095 -248.095 -275.696 -301.057 -330.9 -332.36 -326.789 -320.362 -298.519 -270.468 -238.524 -210.935 -203.146 -199.966 -231.911 -201.966 -233.911 -203.966 -235.911 -205.966 -237.911 -273.369 -239.911 -209.966 -241.911 -246.71 -217.546 -248.71 -219.546 -250.71 -279.684 -252.71 -219.7 -254.71 -283.684 -291.382 -259.012 -233.979 -212.236 -235.979 -133.401 -274.63 -251.139 -257.064 -284.568 -257.065 -293.066 -259.065 -234.078 -261.065 -236.078 -267.064 -243.076 -271.563 -245.076 -271.064 -247.076 -275.563 -249.076 -277.563 -278.594 -252.113 -282.093 -283.093 -255.113 -285.093 -257.113 -285.594 -248.102 -281.098 -256.097 -283.098 -258.097 -285.098 -260.097 -287.098 -262.097 -289.098 -313.085 -346.186 -315.085 -291.099 -262.102 -263.102 -264.102 -233.637 -234.637 -235.637 -236.637 -237.637 -238.637 -239.637 -240.637 -241.637 -242.637 -243.637 -244.637 -245.637 -246.637 -247.637 -248.637 -249.637 -250.637 -251.637 -252.637 -253.637 -254.637 -287.102 -288.102 -257.637 -259.721 -259.587 -260.637 -261.637 -262.637 -295.102 -264.637 -265.637 -266.637 -1000 
-356.0
-72.633 -69.32 -71.777 -40.276 -25.48 -15.617 -13.917 10.906 -0.29 -21.111 -46.248 -71.826 -101.309 -73.826 -50.248 -40.676 -74.033 -46.941 -76.033 -44.676 -21.529 -46.676 -23.529 -17.437 -19.841 -46.449 -54.346 -31.29 -38.466 -23.783 -14.561 4.168 -27.609 -29.166 -19.641 -43.437 -45.014 -46.252 -47.252 -48.252 -82.508 -54.22 -55.22 -56.22 -57.22 -58.22 -59.22 -60.22 -61.22 -62.22 -63.22 -64.22 -65.22 -66.22 -67.22 -68.22 -98.508 -99.508 -100.508 -101.508 -102.508 -103.508 -104.508 -72.252 -73.252 -74.252 -75.252 -47.525 -47.543 -45.599 -49.543 -50.543 -51.543 -52.543 -53.543 -103.703 -118.508 -86.252 -87.252 -88.252 -89.252 -90.252 -91.252 -92.252 -93.252 -94.252 -95.252 -96.252 -97.252 -98.252 -99.252 -92.257 -101.252 -102.252 -103.252 -104.252 -105.252 -106.252 -107.252 -108.252 -1000 
-201.0
-90.918 -77.326 -59.595 -44.981 -37.935 -14.2 -14.878 -23.48 -40.72 -60.484 -88.151 -62.484 -44.72 -28.177 -16.174 -9.751 18.131 15.197 2.948 -13.12 -31.19 -15.12 5.072 20.412 -1.436 34.5 36.192 -14.229 17.459 10.298 -14.891 0.539 10.716 8.364 9.244 10.758 9.758 8.758 7.758 6.758 5.758 4.758 3.758 2.758 1.758 -26.601 -2.756 -0.129 -1.129 -2.129 -3.129 -29.871 -8.756 -6.129 -32.467 -41.307 -42.307 -43.307 -44.307 -45.307 -46.307 -47.307 -48.307 -49.307 -50.307 -51.307 -52.307 -53.307 -54.307 -55.307 -56.307 -57.307 -58.307 -59.307 -60.307 -61.307 -62.307 -63.307 -64.307 -65.307 -66.307 -67.307 -68.307 -69.307 -70.307 -71.307 -102.954 -92.535 -104.954 -105.954 -106.954 -107.954 -108.954 -109.954 -110.954 -111.954 -112.954 -113.954 -114.954 -115.954 -116.954 -117.954 -118.954 -108.535 -120.954 -121.954 -122.954 -123.954 -124.954 -125.954 -126.954 -127.954 -128.954 -129.954 -130.954 -131.954 -132.954 -147.417 -148.417 -149.417 -150.417 -151.417 -152.417 -153.417 -154.417 -155.417 -1000 
-227.0
-90.918 -78.349 -59.595 -44.084 -37.935 -15.187 -28.357 -18.588 4.432 25.466 6.374 17.039 0.408 15.039 14.305 24.119 12.788 22.119 10.788 34.344 42.357 -15.833 40.357 30.344 37.795 -19.833 36.357 10.86 33.795 -42.505 5.091 -15.218 10.983 -17.218 8.983 -19.218 -1000 
-137.0
-90.825 -77.423 -60.023 -47.309 -39.133 -49.309 -28.09 -17.31 7.358 29.423 48.844 48.088 22.489 9.92 34.398 16.923 7.464 -32.177 -48.71 -1000 
-120.0
-86.44 -76.507 -71.234 -41.606 -26.977 -18.088 -16.56 5.741 29.645 17.555 26.102 27.208 14.502 30.829 51.546 46.077 28.467 12.571 -0.988 -24.376 -44.424 -47.784 -48.784 -49.784 -63.349 -50.844 -51.844 -52.844 -53.844 -54.844 -55.844 -56.844 -57.844 -72.349 -1000 
-135.0
-1000 
-101.0
-90.825 -78.43 -60.023 -47.309 -39.133 -15.31 7.393 7.062 31.298 51.493 30.461 26.239 10000 
987.0
-192.312 -180.722 -165.077 -150.779 -132.247 -114.484 -133.471 -115.046 -134.311 -117.046 -96.923 -79.846 -100.704 -124.213 -102.321 -124.484 -104.321 -84.697 -63.251 -50.581 -27.909 -7.125 12.804 24.22 31.951 18.772 18.114 -1.481 -27.918 -3.854 -29.918 -43.359 -14.679 11.054 11.575 12.803 9.292 8.292 7.292 6.292 5.292 4.292 3.292 2.292 -25.102 -27.881 -28.881 -29.881 -60.429 -77.519 -62.429 -80.079 -81.079 -82.079 -83.079 -67.686 -85.079 -86.079 -87.079 -88.079 -89.079 -90.079 -104.907 -92.079 -93.079 -94.079 -95.079 -96.079 -97.079 -98.079 -99.079 -100.079 -101.079 -102.079 -103.079 -104.079 -118.907 -106.079 -90.429 -91.429 -92.429 -93.429 -94.429 -66.37 -66.881 -1000 
-186.0
-192.312 -181.609 -165.077 -144.495 -129.6 -114.484 -131.6 -148.495 -135.42 -150.495 -135.6 -152.495 -139.42 -128.109 -107.21 -121.047 -106.187 -88.41 -74.953 -94.882 -113.21 -97.578 -115.21 -98.882 -80.953 -100.882 -82.953 -103.578 -121.21 -105.578 -87.88 -66.49 -44.74 -24.032 -0.839 8.829 -8.364 -35.152 -14.231 3.569 -12.442 -6.944 -7.944 -33.694 -57.775 -76.941 -15.626 -1.615 -81.294 -82.294 -83.294 -84.294 -85.294 -86.294 -87.294 -88.294 -89.294 -90.294 -91.294 -92.294 -14.768 -95.496 -6.005 -62.934 -1.985 -56.714 -57.502 -54.121 -57.884 -63.355 -39.757 -100.089 -101.089 -48.279 -52.064 -101.864 -47.421 -44.567 -98.681 -47.043 -50.704 -104.181 -105.181 -106.181 -1000 
-185.0
-192.312 -181.609 -166.615 -152.422 -132.247 -115.207 -98.056 -77.402 -56.264 -76.05 -58.849 -45.156 22.231 21.567 -1000 
-115.0
-172.644 -149.659 -151.561 -144.673 -125.717 -111.047 -127.717 -113.047 -98.187 -76.697 -55.251 -44.272 -57.251 -77.42 -59.509 -76.788 -59.982 -77.176 -97.373 -119.718 -99.373 -81.176 -64.696 -50.78 -30.225 -52.78 29.415 -54.78 -64.475 -56.78 -79.888 -58.78 -68.807 -60.78 -42.901 -3.461 -7.606 -25.974 -9.606 12.098 14.48 -3.503 -25.962 -49.513 -70.505 -71.505 -72.505 -73.505 5.776 -84.718 -85.718 -86.718 -87.718 -88.718 -89.718 -5.77 -7.647 -38.717 -18.815 -41.386 -57.054 -59.476 -72.177 -57.41 -86.119 -87.119 -40.649 -102.718 -103.718 -35.599 -105.49 -41.092 -97.731 -98.731 -99.731 -100.731 -101.731 -102.731 -1000 
-179.0
-90.499 -91.589 -95.288 -103.627 -83.039 -62.441 -42.794 -41.121 -56.461 -42.624 -44.853 -27.254 -48.518 -29.254 -13.705 -3.537 2.399 -9.544 2.566 14.305 17.669 7.577 26.194 35.975 27.94 26.94 25.94 24.94 38.631 -9.424 19.046 18.046 17.046 16.046 37.434 18.188 35.094 4.997 -2.489 -45.475 -46.475 -47.475 -48.475 -49.475 -50.475 -20.665 2.434 23.678 12.663 0.046 -0.954 -1.954 -2.954 -3.954 -4.954 -5.954 -6.954 -7.954 -8.954 -9.954 -10.954 -11.954 -33.54 -14.438 -1000 
-165.0
-67.91 -43.915 -20.183 1.619 4.877 7.664 -2.977 -23.814 -27.082 -23.533 -26.352 -3.002 -24.903 -5.002 -4.181 -9.207 -6.181 18.214 6.479 22.204 32.495 9.562 -4.832 -18.653 -10.531 -22.904 -12.531 -13.531 -14.531 -15.531 -16.531 -17.531 -18.531 -19.531 -20.531 -21.531 -1000 
-137.0
-67.91 -66.586 -41.714 -42.605 -19.632 4.819 29.71 54.993 45.169 -29.686 37.247 21.368 22.77 44.448 22.465 19.028 14.21 4.162 1.576 3.996 -2.018 -3.018 -4.018 -5.018 -6.018 -7.018 -8.018 1.5 0.5 -6.349 30.615 -8.349 37.808 34.147 -23.648 30.584 -39.707 -31.207 -18.266 -12.825 -11.636 -12.747 -11.87 -7.073 -2.121 -66.106 -9.573 -75.703 -92.921 -93.921 -94.921 -95.921 -96.921 -97.921 -98.921 -121.707 -122.707 -123.707 -144.811 -125.707 -146.811 -123.423 -106.921 -91.703 -108.921 -96.494 -88.194 -32.57 -90.194 -91.194 -92.194 -93.194 -30.583 -94.106 -95.106 -96.106 -97.106 -23.11 -99.106 -100.106 -101.106 -102.106 -103.106 -104.106 -105.106 -106.106 -107.106 -96.116 -97.116 -60.855 -99.523 -78.068 -79.708 -80.708 -81.708 -82.708 -67.122 -84.068 -85.708 -70.122 -87.068 -72.16 -88.437 -73.092 -50.812 -84.331 -84.271 -111.726 -129.106 -130.106 -131.106 -75.641 -156.921 -144.494 -136.194 -128.22 -138.194 -82.071 -163.215 -150.708 -142.194 -143.194 -144.194 -145.194 -146.194 -91.544 -148.194 -140.22 -141.22 -142.22 -121.379 -122.379 -123.379 -108.966 -109.966 -110.966 -111.966 -112.966 -110.386 -109.732 -110.155 -111.155 -112.155 -119.455 -80.788 -122.154 -117.359 -138.725 -139.725 -122.043 -166.564 -167.564 -168.564 -169.564 -170.564 -171.564 -172.564 -173.564 -174.564 -175.564 -176.564 -184.84 -178.564 -179.564 -180.564 -181.564 -182.564 -183.564 -184.564 -185.564 -186.564 -187.564 -188.564 -189.564 -190.564 -191.564 -192.564 -193.564 -194.564 -202.84 -196.564 -197.564 -198.564 -199.564 -200.564 -201.564 -202.564 -178.379 -179.379 -180.379 -181.379 -182.379 -183.379 -184.379 -185.379 -186.379 -187.379 -188.379 -189.379 -190.379 -191.379 -192.379 -193.379 -1000 
-304.0
-90.499 -91.644 -95.897 -103.627 -81.883 -63.158 -46.708 -35.517 -59.507 -76.986 -86.927 -87.927 -102.388 -124.686 -108.771 -126.686 -110.771 -92.863 -110.397 -88.048 -73.938 -1000 
-122.0
-90.499 -69.574 -70.103 -74.978 -84.411 -70.728 -86.411 -67.435 -88.411 -70.083 -92.059 -72.083 -54.866 -74.083 -57.161 -37.001 -23.925 -34.1 -27.566 -41.214 -29.566 -21.077 -31.566 -23.077 -33.566 -25.077 -1.113 -5.775 15.468 27.147 19.7 -1.865 -27.003 -23.615 -17.008 -6.707 16.557 25.379 6.014 -8.023 -33.341 -32.53 -44.722 -22.009 -26.294 -27.294 -28.294 -50.929 -32.6 1.147 -29.707 -1.967 -9.125 -32.028 -10.246 2.034 -0.754 1.875 5.308 -14.205 -22.04 -26.376 -45.548 -50.417 -22.03 -52.009 -53.508 -46.577 -54.736 -31.617 -56.736 -33.617 -58.086 -34.804 -60.736 -36.804 -30.034 -58.019 -31.035 -43.157 -1000 
-181.0
-90.499 -91.589 -95.897 -73.523 -50.097 -61.118 -81.413 -65.058 -82.773 -67.058 -47.423 -68.141 -91.513 -110.148 -84.282 -31.425 -86.282 -35.005 -88.282 -35.425 -92.863 -70.865 -47.826 -26.973 -7.316 8.632 14.471 -1.2 -5.588 -35.866 -56.757 -71.692 -58.576 -52.615 -55.106 1.427 -56.626 -37.451 -38.451 -21.294 -22.294 -23.294 -24.294 -25.294 -11.971 -27.294 -28.294 -29.294 -30.294 -20.5 -26.644 -22.621 -26.285 -20.011 -17.107 -35.483 -11.86 -35.658 -13.366 -39.483 -15.366 -41.483 -17.366 -43.483 -35.312 -64.13 -54.978 -30.45 -61.403 -32.45 -1000 
-171.0
-90.499 -91.589 -95.897 -105.24 -84.701 -99.771 -118.919 -101.771 -120.919 -104.337 -86.953 -66.352 -87.409 -74.842 -51.281 -29.984 -7.472 12.088 25.066 -0.27 28.582 0.153 -1.355 15.86 33.946 6.198 -3.604 8.145 -28.31 -29.31 -30.31 -31.31 -3.589 -34.32 -35.32 -36.32 -37.32 -38.32 -39.32 -40.32 -41.32 -42.32 -43.32 -15.587 -45.32 -46.32 -47.32 -48.32 -49.32 -50.32 -44.0 -27.823 -53.32 -47.246 -28.191 -49.0 -30.649 -3.495 -23.309 -11.325 -20.275 -41.002 -22.538 -43.002 -34.93 -43.311 -39.559 -45.311 -40.788 -49.002 -33.72 -25.634 -54.63 -67.57 -77.134 -63.166 -91.88 -92.88 -93.88 -94.88 -95.88 -96.88 -97.88 -98.88 -99.88 -100.88 -31.135 -88.742 -89.742 